/*--------------------------------*- C++ -*----------------------------------*\
| =========                 |                                                 |
| \\      /  F ield         | OpenFOAM: The Open Source CFD Toolbox           |
|  \\    /   O peration     | Version:  2212                                  |
|   \\  /    A nd           | Website:  www.openfoam.com                      |
|    \\/     M anipulation  |                                                 |
\*---------------------------------------------------------------------------*/
FoamFile
{
    version     2.0;
    format      ascii;
    arch        "LSB;label=32;scalar=64";
    class       volTensorField;
    location    "./../../../openfoam_data/0";
    object      a_U;
}
// * * * * * * * * * * * * * * * * * * * * * * * * * * * * * * * * * * * * * //

dimensions      [0 2 -1 0 0 0 0];

internalField   nonuniform List<tensor> 
11644
(
(0 0 0 0 2.81833e-15 1.07518e-52 0 1.07518e-52 6.53238e-89)
(2.05163e-11 1.85213e-13 -2.76944e-51 1.85213e-13 2.56775e-14 3.2748e-52 -2.76944e-51 3.2748e-52 9.49899e-89)
(1.60532e-11 2.02277e-13 4.14039e-51 2.02277e-13 7.31211e-14 4.89323e-52 4.14039e-51 4.89323e-52 8.83725e-89)
(6.60158e-12 -3.21116e-13 4.66115e-52 -3.21116e-13 1.49649e-13 1.64183e-51 4.66115e-52 1.64183e-51 1.44043e-87)
(5.69449e-12 -4.47219e-13 2.74135e-49 -4.47219e-13 2.59766e-13 4.8067e-50 2.74135e-49 4.8067e-50 3.48176e-84)
(7.35664e-12 -3.7517e-13 1.23266e-46 -3.7517e-13 4.12165e-13 -3.11528e-47 1.23266e-46 -3.11528e-47 3.03989e-79)
(1.08424e-11 -6.49986e-13 -2.94434e-45 -6.49986e-13 6.14104e-13 -2.60147e-45 -2.94434e-45 -2.60147e-45 1.25682e-75)
(1.59189e-11 7.12898e-13 1.22179e-42 7.12898e-13 8.82423e-13 4.8775e-43 1.22179e-42 4.8775e-43 2.82609e-71)
(5.40108e-12 -6.33173e-13 3.39816e-40 -6.33173e-13 1.22526e-12 6.4409e-41 3.39816e-40 6.4409e-41 3.12688e-67)
(5.71434e-12 -6.67671e-14 9.28133e-39 -6.67671e-14 1.65027e-12 -7.16436e-39 9.28133e-39 -7.16436e-39 3.82666e-63)
(2.07579e-11 -1.27046e-12 6.17455e-36 -1.27046e-12 2.17601e-12 -1.9969e-36 6.17455e-36 -1.9969e-36 1.13165e-58)
(1.22811e-11 -1.39564e-12 -9.14329e-34 -1.39564e-12 2.79297e-12 3.38729e-35 -9.14329e-34 3.38729e-35 9.62255e-55)
(2.22409e-11 -8.65729e-13 4.73836e-32 -8.65729e-13 3.51625e-12 7.17471e-32 4.73836e-32 7.17471e-32 3.96472e-50)
(9.81336e-12 2.77014e-13 6.59831e-31 2.77014e-13 4.30707e-12 3.99922e-30 6.59831e-31 3.99922e-30 2.94963e-46)
(1.47103e-13 -3.34252e-13 4.42543e-30 -3.34252e-13 5.14781e-12 -4.09266e-28 4.42543e-30 -4.09266e-28 9.90348e-43)
(1.00562e-13 -1.35043e-13 -4.08346e-26 -1.35043e-13 5.98492e-12 -6.61665e-26 -4.08346e-26 -6.61665e-26 2.77471e-37)
(6.34641e-14 -9.54123e-14 2.97967e-29 -9.54123e-14 6.76428e-12 -1.91362e-28 2.97967e-29 -1.91362e-28 5.51708e-43)
(1.30175e-13 5.41959e-14 -1.79369e-30 5.41959e-14 7.39755e-12 1.32942e-29 -1.79369e-30 1.32942e-29 3.95986e-45)
(4.13682e-14 3.95481e-14 5.65252e-32 3.95481e-14 7.8227e-12 4.58843e-30 5.65252e-32 4.58843e-30 4.87232e-46)
(1.83313e-13 -2.41001e-13 -8.51393e-29 -2.41001e-13 7.96977e-12 7.17154e-28 -8.51393e-29 7.17154e-28 4.39353e-41)
(1.24268e-13 2.97391e-13 8.89992e-27 2.97391e-13 7.87892e-12 1.86427e-25 8.89992e-27 1.86427e-25 4.21199e-38)
(2.16251e-13 6.79785e-15 -9.98008e-30 6.79785e-15 7.49116e-12 2.31265e-28 -9.98008e-30 2.31265e-28 6.25309e-44)
(7.44034e-14 1.09748e-13 1.01354e-31 1.09748e-13 6.85228e-12 4.07311e-30 1.01354e-31 4.07311e-30 8.71946e-47)
(6.52556e-14 1.29452e-13 2.81896e-29 1.29452e-13 6.07513e-12 -6.35511e-28 2.81896e-29 -6.35511e-28 8.67543e-43)
(1.6262e-13 -4.73537e-14 -2.46987e-26 -4.73537e-14 5.20443e-12 -3.90199e-25 -2.46987e-26 -3.90199e-25 9.11878e-37)
(1.31964e-13 -4.85406e-14 -6.70614e-29 -4.85406e-14 4.33045e-12 -9.98275e-29 -6.70614e-29 -9.98275e-29 9.37296e-43)
(7.11911e-12 -1.01431e-12 1.03679e-29 -1.01431e-12 3.50583e-12 4.70039e-30 1.03679e-29 4.70039e-30 4.34886e-46)
(1.60438e-11 8.18671e-13 -2.55298e-31 8.18671e-13 2.76852e-12 -3.6661e-32 -2.55298e-31 -3.6661e-32 4.77374e-50)
(1.88975e-11 4.94105e-14 -7.67723e-35 4.94105e-14 2.13272e-12 -2.3393e-34 -7.67723e-35 -2.3393e-34 7.56534e-55)
(2.07579e-11 9.8823e-13 6.45927e-36 9.8823e-13 1.61279e-12 -1.51405e-37 6.45927e-36 -1.51405e-37 9.59807e-59)
(7.55563e-12 -2.76248e-13 1.00874e-38 -2.76248e-13 1.19497e-12 6.31198e-39 1.00874e-38 6.31198e-39 1.60613e-63)
(5.78878e-12 2.60252e-13 3.08944e-41 2.60252e-13 8.65709e-13 -3.09555e-41 3.08944e-41 -3.09555e-41 2.66225e-67)
(1.81062e-11 -4.94528e-13 -1.19228e-42 -4.94528e-13 6.12954e-13 -4.28529e-43 -1.19228e-42 -4.28529e-43 1.38107e-71)
(1.09928e-11 4.40379e-13 -7.84878e-45 4.40379e-13 4.2092e-13 4.03135e-45 -7.84878e-45 4.03135e-45 1.05759e-75)
(7.17005e-12 3.75897e-13 1.98263e-47 3.75897e-13 2.77473e-13 3.97047e-47 1.98263e-47 3.97047e-47 1.61193e-79)
(4.93431e-12 3.05025e-13 -4.82898e-49 3.05025e-13 1.73518e-13 -1.82799e-49 -4.82898e-49 -1.82799e-49 5.40384e-84)
(5.77658e-12 2.25923e-13 -3.09136e-50 2.25923e-13 9.953e-14 -3.10481e-51 -3.09136e-50 -3.10481e-51 9.11417e-88)
(1.35678e-11 -1.38422e-13 3.07788e-51 -1.38422e-13 4.86903e-14 -4.07504e-52 3.07788e-51 -4.07504e-52 1.06313e-88)
(1.81889e-11 -1.23864e-13 -3.29859e-52 -1.23864e-13 1.71395e-14 -4.27259e-52 -3.29859e-52 -4.27259e-52 7.54207e-89)
(0 0 0 0 1.88056e-15 7.11766e-53 0 7.11766e-53 4.93607e-89)
(1.03049e-11 1.2081e-14 8.76621e-49 1.2081e-14 1.33675e-14 -2.21682e-50 8.76621e-49 -2.21682e-50 7.12526e-85)
(1.97189e-11 -1.93227e-13 -1.74761e-49 -1.93227e-13 1.23722e-13 -9.97709e-50 -1.74761e-49 -9.97709e-50 9.88735e-85)
(9.91066e-12 -4.00965e-13 4.8117e-49 -4.00965e-13 3.54775e-13 -1.22354e-49 4.8117e-49 -1.22354e-49 1.08301e-84)
(2.16635e-11 3.4593e-13 -1.44209e-48 3.4593e-13 7.32038e-13 -1.51796e-50 -1.44209e-48 -1.51796e-50 7.88523e-84)
(8.71123e-12 6.08263e-14 -7.32243e-47 6.08263e-14 1.29036e-12 -3.01685e-47 -7.32243e-47 -3.01685e-47 3.44327e-80)
(1.9847e-11 5.35225e-13 1.26505e-44 5.35225e-13 2.07777e-12 5.78124e-46 1.26505e-44 5.78124e-46 1.4981e-75)
(2.28299e-11 -2.02784e-13 -1.31121e-43 -2.02784e-13 3.16293e-12 6.21181e-43 -1.31121e-43 6.21181e-43 9.05418e-72)
(1.99365e-11 -1.0813e-12 8.39476e-42 -1.0813e-12 4.61529e-12 1.04642e-43 8.39476e-42 1.04642e-43 1.21352e-67)
(1.82016e-11 -2.21694e-12 -1.36575e-38 -2.21694e-12 6.513e-12 -5.3707e-39 -1.36575e-38 -5.3707e-39 8.72518e-64)
(1.72346e-11 -2.99679e-12 -5.20758e-37 -2.99679e-12 8.96681e-12 2.10105e-37 -5.20758e-37 2.10105e-37 5.76497e-60)
(9.78474e-12 4.19826e-15 -5.44276e-36 4.19826e-15 1.20943e-11 1.02821e-35 -5.44276e-36 1.02821e-35 4.16008e-56)
(5.73114e-12 -2.74505e-12 8.90752e-33 -2.74505e-12 1.58644e-11 -7.56103e-33 8.90752e-33 -7.56103e-33 2.02186e-52)
(1.93264e-11 -5.01841e-12 -1.10497e-30 -5.01841e-12 2.03503e-11 5.17752e-31 -1.10497e-30 5.17752e-31 1.63674e-48)
(3.47288e-13 -2.41951e-12 -1.46525e-29 -2.41951e-12 2.53094e-11 1.40353e-28 -1.46525e-29 1.40353e-28 5.95312e-45)
(2.48596e-13 -2.31341e-12 3.06103e-28 -2.31341e-12 3.07695e-11 -3.59443e-27 3.06103e-28 -3.59443e-27 4.98077e-42)
(2.79687e-13 -2.79725e-12 1.14183e-25 -2.79725e-12 3.63529e-11 -1.39558e-24 1.14183e-25 -1.39558e-24 5.82811e-37)
(3.06333e-13 -2.35496e-12 -3.01949e-28 -2.35496e-12 4.14932e-11 -1.03348e-26 -3.01949e-28 -1.03348e-26 4.83668e-40)
(2.02262e-13 -1.54868e-12 -2.21067e-27 -1.54868e-12 4.59225e-11 1.9933e-26 -2.21067e-27 1.9933e-26 1.00421e-39)
(1.2697e-13 -1.2567e-12 -3.13018e-29 -1.2567e-12 4.8955e-11 4.8244e-28 -3.13018e-29 4.8244e-28 1.17341e-43)
(5.57508e-14 -4.32035e-13 -2.09657e-27 -4.32035e-13 5.03417e-11 1.21392e-25 -2.09657e-27 1.21392e-25 4.13366e-39)
(6.45474e-14 2.91686e-13 5.55192e-28 2.91686e-13 4.9904e-11 -1.71647e-25 5.55192e-28 -1.71647e-25 2.17819e-38)
(2.42802e-13 1.52356e-12 -2.94148e-30 1.52356e-12 4.75668e-11 -2.56062e-28 -2.94148e-30 -2.56062e-28 6.03762e-44)
(2.58418e-13 1.93201e-12 5.51901e-31 1.93201e-12 4.37761e-11 -1.86305e-29 5.51901e-31 -1.86305e-29 5.55524e-46)
(3.2705e-13 2.29761e-12 1.07347e-28 2.29761e-12 3.89323e-11 -4.6259e-27 1.07347e-28 -4.6259e-27 3.41276e-40)
(4.23226e-13 2.75864e-12 -1.09694e-25 2.75864e-12 3.33307e-11 -6.47544e-25 -1.09694e-25 -6.47544e-25 2.68199e-37)
(2.97905e-13 2.33775e-12 -3.36298e-28 2.33775e-12 2.78784e-11 -4.78522e-27 -3.36298e-28 -4.78522e-27 4.21072e-42)
(4.45248e-13 2.26437e-12 1.38223e-29 2.26437e-12 2.26098e-11 5.98075e-29 1.38223e-29 5.98075e-29 2.31843e-45)
(1.35408e-11 1.87746e-12 4.66053e-32 1.87746e-12 1.79201e-11 5.01729e-31 4.66053e-32 5.01729e-31 1.22274e-48)
(5.31814e-12 1.05847e-12 -7.64131e-34 1.05847e-12 1.39164e-11 -1.09252e-33 -7.64131e-34 -1.09252e-33 9.45236e-53)
(5.45943e-12 2.46885e-12 -8.81278e-35 2.46885e-12 1.05573e-11 -8.26231e-35 -8.81278e-35 -8.26231e-35 2.36074e-56)
(1.74812e-11 1.82168e-12 -1.28542e-36 1.82168e-12 7.82683e-12 -7.89398e-37 -1.28542e-36 -7.89398e-37 3.86937e-60)
(1.02756e-11 4.93727e-13 1.13224e-39 4.93727e-13 5.71742e-12 4.54203e-39 1.13224e-39 4.54203e-39 4.88726e-64)
(1.47382e-11 -7.59552e-13 5.26329e-41 -7.59552e-13 4.06805e-12 1.09275e-40 5.26329e-41 1.09275e-40 8.04019e-68)
(9.16532e-12 -1.02582e-12 1.07045e-42 -1.02582e-12 2.81688e-12 -1.0716e-43 1.07045e-42 -1.0716e-43 5.20327e-72)
(2.13727e-11 -5.79957e-13 -4.46318e-45 -5.79957e-13 1.87146e-12 -7.15e-45 -4.46318e-45 -7.15e-45 8.61565e-76)
(5.25457e-12 -8.37849e-15 -7.73947e-47 -8.37849e-15 1.17462e-12 -3.80765e-49 -7.73947e-47 -3.80765e-49 2.69329e-80)
(1.44767e-11 3.88163e-13 1.53903e-48 3.88163e-13 6.76458e-13 4.17521e-49 1.53903e-48 4.17521e-49 4.86289e-84)
(5.94055e-12 2.6501e-13 5.68274e-49 2.6501e-13 3.30546e-13 9.07018e-50 5.68274e-49 9.07018e-50 1.18117e-84)
(1.52233e-11 1.62937e-13 1.66177e-49 1.62937e-13 1.16212e-13 1.44546e-49 1.66177e-49 1.44546e-49 9.20042e-85)
(5.55623e-12 4.14155e-16 -2.99521e-50 4.14155e-16 1.26133e-14 -6.26544e-51 -2.99521e-50 -6.26544e-51 5.43016e-85)
(1.36118e-11 -1.09844e-13 4.8744e-48 -1.09844e-13 1.76634e-14 1.70078e-48 4.8744e-48 1.70078e-48 7.37091e-81)
(6.3245e-12 -3.03307e-13 -1.51386e-47 -3.03307e-13 1.65228e-13 1.66002e-47 -1.51386e-47 1.66002e-47 9.7083e-81)
(1.30304e-11 -6.04478e-14 1.89096e-47 -6.04478e-14 4.74797e-13 1.73342e-47 1.89096e-47 1.73342e-47 1.3342e-80)
(1.45433e-11 -4.04301e-13 -4.59791e-47 -4.04301e-13 9.87185e-13 -2.01237e-47 -4.59791e-47 -2.01237e-47 6.11552e-81)
(1.79236e-11 -7.81182e-13 2.99144e-46 -7.81182e-13 1.76347e-12 -4.17008e-46 2.99144e-46 -4.17008e-46 3.93611e-79)
(1.5979e-11 -1.08134e-12 2.15131e-44 -1.08134e-12 2.90175e-12 1.06902e-44 2.15131e-44 1.06902e-44 1.43025e-75)
(1.35984e-11 -3.02686e-12 -2.93826e-42 -3.02686e-12 4.48607e-12 4.34216e-42 -2.93826e-42 4.34216e-42 1.85223e-71)
(9.54806e-12 -4.23019e-13 -1.8493e-40 -4.23019e-13 6.66673e-12 6.58283e-42 -1.8493e-40 6.58283e-42 4.27984e-68)
(5.55621e-12 -9.12569e-13 2.55736e-39 -9.12569e-13 9.6753e-12 -3.02229e-38 2.55736e-39 -3.02229e-38 4.95703e-64)
(1.37103e-11 -2.63093e-12 -1.26994e-37 -2.63093e-12 1.35955e-11 -5.39362e-37 -1.26994e-37 -5.39362e-37 9.4128e-61)
(2.08367e-11 -3.01661e-12 2.94501e-36 -3.01661e-12 1.89387e-11 1.30918e-34 2.94501e-36 1.30918e-34 7.6853e-57)
(7.88061e-12 -6.99218e-12 5.77152e-35 -6.99218e-12 2.55283e-11 3.53899e-33 5.77152e-35 3.53899e-33 1.29938e-53)
(1.36406e-11 -9.95838e-12 -1.36363e-32 -9.95838e-12 3.3579e-11 -4.48318e-31 -1.36363e-32 -4.48318e-31 6.61291e-50)
(2.24811e-12 -6.02432e-12 -1.0687e-30 -6.02432e-12 4.3164e-11 -2.02148e-29 -1.0687e-30 -2.02148e-29 1.58159e-46)
(1.79994e-12 -9.06792e-12 3.68287e-29 -9.06792e-12 5.38021e-11 -2.11724e-28 3.68287e-29 -2.11724e-28 2.12001e-44)
(1.41157e-12 -8.81725e-12 1.07664e-26 -8.81725e-12 6.49813e-11 -6.43893e-26 1.07664e-26 -6.43893e-26 6.23291e-40)
(9.90971e-13 -7.97426e-12 -6.34816e-26 -7.97426e-12 7.58481e-11 2.36176e-25 -6.34816e-26 2.36176e-25 1.82896e-37)
(5.78378e-13 -6.58259e-12 8.87514e-26 -6.58259e-12 8.52984e-11 -9.07664e-25 8.87514e-26 -9.07664e-25 9.97751e-38)
(2.31487e-13 -4.02099e-12 -1.58485e-28 -4.02099e-12 9.24478e-11 5.22227e-27 -1.58485e-28 5.22227e-27 2.47669e-42)
(1.13802e-13 -1.09525e-12 -2.40547e-28 -1.09525e-12 9.59121e-11 -1.6173e-27 -2.40547e-28 -1.6173e-27 5.72936e-41)
(3.26837e-13 2.77545e-12 -4.16615e-26 2.77545e-12 9.56105e-11 -9.06188e-25 -4.16615e-26 -9.06188e-25 1.23971e-37)
(4.56805e-13 4.95918e-12 -3.59339e-29 4.95918e-12 9.13007e-11 -1.84428e-27 -3.59339e-29 -1.84428e-27 7.23189e-43)
(1.3256e-12 8.35629e-12 5.65928e-28 8.35629e-12 8.38018e-11 4.63575e-27 5.65928e-28 4.63575e-27 4.91132e-42)
(1.50162e-12 9.06379e-12 -8.97418e-26 9.06379e-12 7.39569e-11 -9.16967e-25 -8.97418e-26 -9.16967e-25 9.86854e-38)
(2.13963e-12 9.58142e-12 -8.02658e-27 9.58142e-12 6.31729e-11 -1.7819e-26 -8.02658e-27 -1.7819e-26 2.93405e-40)
(2.19959e-12 9.00414e-12 -3.8005e-29 9.00414e-12 5.23115e-11 -2.69448e-29 -3.8005e-29 -2.69448e-29 1.17592e-44)
(3.88092e-12 9.06303e-12 -7.50265e-30 9.06303e-12 4.19937e-11 -4.44614e-30 -7.50265e-30 -4.44614e-30 2.16483e-46)
(1.98712e-11 9.83278e-12 -1.76293e-31 9.83278e-12 3.30888e-11 -9.81824e-32 -1.76293e-31 -9.81824e-32 6.31588e-50)
(2.46747e-11 6.85179e-12 2.22989e-33 6.85179e-12 2.52789e-11 7.46938e-35 2.22989e-33 7.46938e-35 1.59461e-53)
(5.87774e-12 4.34632e-12 5.76034e-35 4.34632e-12 1.91511e-11 1.04003e-34 5.76034e-35 1.04003e-34 7.87652e-57)
(9.72123e-12 7.10534e-12 -3.40467e-37 7.10534e-12 1.40487e-11 4.51454e-37 -3.40467e-37 4.51454e-37 1.28484e-60)
(1.20008e-11 3.02399e-12 1.30822e-38 3.02399e-12 1.02592e-11 -2.46817e-38 1.30822e-38 -2.46817e-38 6.81523e-64)
(6.70733e-12 7.18353e-13 1.77695e-40 7.18353e-13 7.22796e-12 -2.10768e-40 1.77695e-40 -2.10768e-40 7.438e-68)
(7.75674e-12 8.45713e-13 -1.62396e-42 8.45713e-13 4.93719e-12 3.58109e-42 -1.62396e-42 3.58109e-42 3.26986e-71)
(2.12291e-11 2.53741e-12 1.27785e-45 2.53741e-12 3.2713e-12 3.91874e-44 1.27785e-45 3.91874e-44 2.79395e-75)
(1.20653e-11 5.89563e-13 -4.21822e-48 5.89563e-13 2.04126e-12 -3.27197e-46 -4.21822e-48 -3.27197e-46 7.27482e-79)
(1.17328e-11 1.15295e-12 2.2839e-47 1.15295e-12 1.16452e-12 -8.72606e-48 2.2839e-47 -8.72606e-48 6.84327e-81)
(1.01201e-11 7.42972e-13 -7.2095e-47 7.42972e-13 5.68916e-13 -1.15888e-47 -7.2095e-47 -1.15888e-47 1.217e-80)
(8.07529e-12 4.1356e-13 -1.46528e-47 4.1356e-13 1.99412e-13 -2.08776e-47 -1.46528e-47 -2.08776e-47 1.11535e-80)
(5.60906e-12 2.00482e-14 1.22444e-47 2.00482e-14 2.15003e-14 -6.98206e-49 1.22444e-47 -6.98206e-49 5.91047e-81)
(2.10263e-11 -2.58217e-13 5.03463e-46 -2.58217e-13 1.61045e-14 -6.74402e-47 5.03463e-46 -6.74402e-47 7.47718e-77)
(4.20829e-12 -1.80913e-13 1.55165e-45 -1.80913e-13 1.49e-13 -2.05884e-45 1.55165e-45 -2.05884e-45 9.65787e-77)
(1.04363e-11 -2.02087e-13 4.50398e-45 -2.02087e-13 4.28959e-13 -1.49139e-45 4.50398e-45 -1.49139e-45 1.60233e-76)
(1.87463e-11 -8.45223e-14 -6.04219e-45 -8.45223e-14 8.86423e-13 2.74635e-45 -6.04219e-45 2.74635e-45 6.4588e-77)
(5.11639e-12 -2.31132e-13 2.19843e-45 -2.31132e-13 1.57124e-12 6.18181e-45 2.19843e-45 6.18181e-45 3.69231e-76)
(8.03335e-12 -7.51634e-13 2.94108e-44 -7.51634e-13 2.60823e-12 1.27731e-44 2.94108e-44 1.27731e-44 1.60406e-75)
(8.74112e-12 -2.50594e-12 1.26183e-42 -2.50594e-12 4.10141e-12 1.45098e-42 1.26183e-42 1.45098e-42 3.77442e-72)
(1.65548e-11 -5.72249e-12 2.76063e-41 -5.72249e-12 6.1861e-12 -4.13092e-41 2.76063e-41 -4.13092e-41 1.28576e-68)
(1.3726e-11 -6.63772e-12 8.40251e-39 -6.63772e-12 9.30405e-12 -7.22391e-39 8.40251e-39 -7.22391e-39 4.20317e-65)
(7.68527e-12 -4.15965e-12 4.49886e-37 -4.15965e-12 1.35562e-11 -1.68607e-38 4.49886e-37 -1.68607e-38 1.18336e-61)
(1.13729e-11 -9.07759e-12 -1.27694e-35 -9.07759e-12 1.94333e-11 2.21895e-35 -1.27694e-35 2.21895e-35 2.30456e-58)
(1.17945e-11 -1.14358e-11 -4.72087e-34 -1.14358e-11 2.71701e-11 7.32733e-34 -4.72087e-34 7.32733e-34 8.93689e-55)
(1.58746e-11 -1.57367e-11 2.32481e-32 -1.57367e-11 3.72854e-11 -4.36999e-32 2.32481e-32 -4.36999e-32 5.34715e-52)
(7.2496e-12 -1.59543e-11 1.71689e-30 -1.59543e-11 4.96741e-11 -4.16783e-30 1.71689e-30 -4.16783e-30 4.70756e-48)
(6.26923e-12 -1.82713e-11 -7.92075e-30 -1.82713e-11 6.42072e-11 1.03138e-29 -7.92075e-30 1.03138e-29 2.48871e-46)
(5.27769e-12 -1.91698e-11 -4.26727e-27 -1.91698e-11 8.04641e-11 1.42931e-26 -4.26727e-27 1.42931e-26 1.44193e-41)
(3.80611e-12 -1.82297e-11 -3.01156e-27 -1.82297e-11 9.69875e-11 2.3782e-26 -3.01156e-27 2.3782e-26 5.2797e-40)
(2.552e-12 -1.55144e-11 -1.22022e-26 -1.55144e-11 1.11143e-10 4.37339e-26 -1.22022e-26 4.37339e-26 2.18712e-39)
(9.49845e-13 -9.77631e-12 -7.4669e-30 -9.77631e-12 1.2266e-10 1.35546e-28 -7.4669e-30 1.35546e-28 5.13867e-45)
(2.02415e-13 -3.09442e-12 1.19998e-28 -3.09442e-12 1.28662e-10 -3.3001e-27 1.19998e-28 -3.3001e-27 6.31642e-43)
(4.09095e-13 4.43192e-12 -3.88908e-28 4.43192e-12 1.28633e-10 -1.69088e-26 -3.88908e-28 -1.69088e-26 1.79504e-40)
(1.6047e-12 1.15332e-11 -2.73512e-27 1.15332e-11 1.22618e-10 -2.63787e-26 -2.73512e-27 -2.63787e-26 3.89458e-40)
(2.98897e-12 1.56347e-11 -1.41176e-26 1.56347e-11 1.11134e-10 -6.05616e-26 -1.41176e-26 -6.05616e-26 5.08109e-40)
(4.7634e-12 1.83709e-11 -1.71811e-26 1.83709e-11 9.71144e-11 -4.94527e-26 -1.71811e-26 -4.94527e-26 1.29433e-39)
(6.02744e-12 1.88952e-11 1.91739e-27 1.88952e-11 8.1121e-11 3.15791e-27 1.91739e-27 3.15791e-27 7.30791e-42)
(6.83784e-12 1.80481e-11 9.27295e-30 1.80481e-11 6.53687e-11 1.99696e-29 9.27295e-30 1.99696e-29 2.37574e-46)
(6.79806e-12 1.44559e-11 -1.14646e-30 1.44559e-11 5.13176e-11 -1.54806e-31 -1.14646e-30 -1.54806e-31 2.23211e-48)
(2.39984e-11 1.61389e-11 4.62621e-34 1.61389e-11 3.91885e-11 -2.5217e-32 4.62621e-34 -2.5217e-32 6.47242e-52)
(2.01921e-11 1.74192e-11 1.26575e-34 1.74192e-11 2.92452e-11 -9.69816e-34 1.26575e-34 -9.69816e-34 8.12087e-55)
(3.0072e-11 1.08661e-11 -5.98993e-36 1.08661e-11 2.14168e-11 1.62199e-35 -5.98993e-36 1.62199e-35 4.64753e-58)
(1.39351e-11 8.8182e-12 2.73663e-37 8.8182e-12 1.53462e-11 5.32535e-37 2.73663e-37 5.32535e-37 1.67887e-61)
(9.57718e-12 7.18526e-12 -3.29569e-39 7.18526e-12 1.07855e-11 -4.92886e-39 -3.29569e-39 -4.92886e-39 1.27065e-64)
(1.32837e-11 4.36245e-12 -1.61675e-40 4.36245e-12 7.41541e-12 -1.46226e-40 -1.61675e-40 -1.46226e-40 3.20255e-68)
(1.47011e-11 1.97837e-12 -8.4455e-43 1.97837e-12 4.96659e-12 4.1724e-43 -8.4455e-43 4.1724e-43 1.46544e-71)
(1.4473e-11 1.40094e-12 -1.70571e-44 1.40094e-12 3.22841e-12 2.63401e-44 -1.70571e-44 2.63401e-44 4.72902e-75)
(2.1987e-11 2.03503e-12 1.08793e-44 2.03503e-12 1.9673e-12 6.45793e-45 1.08793e-44 6.45793e-45 2.7888e-76)
(7.98544e-12 1.35296e-12 -9.39676e-45 1.35296e-12 1.1033e-12 -5.99068e-46 -9.39676e-45 -5.99068e-46 6.9092e-77)
(6.66396e-12 5.46641e-13 4.01072e-45 5.46641e-13 5.31379e-13 1.34665e-45 4.01072e-45 1.34665e-45 1.21088e-76)
(1.47528e-11 1.01342e-12 8.64128e-45 1.01342e-12 1.8359e-13 2.08315e-45 8.64128e-45 2.08315e-45 1.37528e-76)
(6.19518e-12 2.11831e-14 -4.64972e-46 2.11831e-14 1.98341e-14 1.71744e-46 -4.64972e-46 1.71744e-46 6.54066e-77)
(8.02022e-12 -5.67832e-14 -4.52372e-43 -5.67832e-14 1.31293e-14 4.63873e-45 -4.52372e-43 4.63873e-45 7.40513e-73)
(1.11666e-11 -4.23245e-13 -1.18882e-42 -4.23245e-13 1.21757e-13 2.05038e-43 -1.18882e-42 2.05038e-43 9.95944e-73)
(1.41213e-11 -2.74549e-13 -6.48082e-44 -2.74549e-13 3.45544e-13 6.02535e-44 -6.48082e-44 6.02535e-44 1.81184e-72)
(2.13667e-11 -1.04526e-12 2.97856e-43 -1.04526e-12 7.17724e-13 -2.95851e-43 2.97856e-43 -2.95851e-43 7.3667e-73)
(2.2217e-11 -7.55424e-13 1.6915e-42 -7.55424e-13 1.25417e-12 -4.03158e-43 1.6915e-42 -4.03158e-43 3.84036e-72)
(1.25831e-11 -1.72501e-12 3.73579e-43 -1.72501e-12 2.02239e-12 -1.66118e-43 3.73579e-43 -1.66118e-43 4.09289e-72)
(2.4044e-11 -4.29065e-12 1.01205e-42 -4.29065e-12 3.21244e-12 5.34754e-43 1.01205e-42 5.34754e-43 2.42162e-72)
(1.83591e-11 -4.56698e-12 2.23605e-41 -4.56698e-12 4.97637e-12 -9.11898e-42 2.23605e-41 -9.11898e-42 1.82476e-69)
(1.38815e-11 -6.89569e-12 2.37212e-40 -6.89569e-12 7.6872e-12 1.56384e-39 2.37212e-40 1.56384e-39 5.14862e-66)
(1.55985e-11 -5.55653e-12 8.4135e-39 -5.55653e-12 1.16641e-11 6.86616e-38 8.4135e-39 6.86616e-38 1.56831e-62)
(1.60289e-11 -9.97656e-12 -3.13776e-37 -9.97656e-12 1.76005e-11 -3.25557e-36 -3.13776e-37 -3.25557e-36 1.8785e-59)
(1.73819e-11 -1.48984e-11 1.55413e-34 -1.48984e-11 2.58924e-11 -1.95477e-34 1.55413e-34 -1.95477e-34 6.62943e-56)
(3.20417e-11 -2.23e-11 5.58105e-33 -2.23e-11 3.77537e-11 -1.10534e-33 5.58105e-33 -1.10534e-33 3.22897e-53)
(1.95487e-11 -2.81829e-11 -1.92862e-31 -2.81829e-11 5.32407e-11 1.5811e-31 -1.92862e-31 1.5811e-31 1.45152e-49)
(1.63984e-11 -3.25948e-11 -1.39938e-29 -3.25948e-11 7.28111e-11 2.30231e-29 -1.39938e-29 2.30231e-29 3.76943e-47)
(1.38997e-11 -3.47265e-11 -4.0382e-28 -3.47265e-11 9.51009e-11 7.34043e-28 -4.0382e-28 7.34043e-28 1.68374e-43)
(1.05187e-11 -3.42018e-11 6.9908e-27 -3.42018e-11 1.19659e-10 -2.09516e-26 6.9908e-27 -2.09516e-26 2.1049e-41)
(6.16963e-12 -2.89471e-11 -1.15293e-25 -2.89471e-11 1.43157e-10 1.61354e-24 -1.15293e-25 1.61354e-24 6.90277e-37)
(2.67506e-12 -2.00678e-11 -2.29308e-27 -2.00678e-11 1.61786e-10 1.94217e-26 -2.29308e-27 1.94217e-26 1.32408e-41)
(3.69337e-13 -6.70665e-12 -1.57055e-30 -6.70665e-12 1.72194e-10 1.39635e-28 -1.57055e-30 1.39635e-28 8.85805e-45)
(6.84426e-13 7.21828e-12 -3.91067e-30 7.21828e-12 1.72235e-10 5.75469e-27 -3.91067e-30 5.75469e-27 1.41701e-41)
(3.44576e-12 2.07678e-11 -3.9798e-25 2.07678e-11 1.62385e-10 -2.40174e-24 -3.9798e-25 -2.40174e-24 5.46082e-37)
(7.29064e-12 2.91136e-11 3.15079e-25 2.91136e-11 1.44133e-10 1.74618e-24 3.15079e-25 1.74618e-24 2.57117e-37)
(1.11773e-11 3.31733e-11 2.61075e-25 3.31733e-11 1.20893e-10 2.88919e-25 2.61075e-25 2.88919e-25 2.95822e-37)
(1.48117e-11 3.46426e-11 2.93889e-26 3.46426e-11 9.71134e-11 4.75818e-26 2.93889e-26 4.75818e-26 2.02411e-39)
(1.5825e-11 3.15065e-11 -4.755e-29 3.15065e-11 7.55516e-11 -4.24151e-29 -4.755e-29 -4.24151e-29 3.71629e-44)
(1.82049e-11 2.82589e-11 2.36359e-30 2.82589e-11 5.63989e-11 -3.00062e-29 2.36359e-30 -3.00062e-29 5.14295e-46)
(3.79985e-11 2.6133e-11 4.42683e-31 2.6133e-11 4.10255e-11 3.17794e-31 4.42683e-31 3.17794e-31 1.06693e-48)
(2.16753e-11 1.44499e-11 4.84722e-33 1.44499e-11 2.88453e-11 1.13904e-32 4.84722e-33 1.13904e-32 1.33537e-52)
(1.83661e-11 1.32904e-11 -1.58e-34 1.32904e-11 1.99774e-11 -3.0226e-34 -1.58e-34 -3.0226e-34 1.2095e-54)
(1.3843e-11 7.80707e-12 -4.29628e-36 7.80707e-12 1.35307e-11 -2.5348e-36 -4.29628e-36 -2.5348e-36 8.99226e-59)
(2.01578e-11 7.76367e-12 1.4054e-37 7.76367e-12 8.99136e-12 -4.27555e-38 1.4054e-37 -4.27555e-38 2.19589e-61)
(8.91706e-12 3.774e-12 -8.90086e-40 3.774e-12 5.78831e-12 -4.12193e-40 -8.90086e-40 -4.12193e-40 2.99062e-65)
(1.1862e-11 4.19205e-12 -5.87997e-41 4.19205e-12 3.68594e-12 3.31926e-41 -5.87997e-41 3.31926e-41 2.0671e-68)
(1.75193e-11 2.26187e-12 -1.85188e-42 2.26187e-12 2.25148e-12 -1.53748e-43 -1.85188e-42 -1.53748e-43 8.73034e-72)
(9.75451e-12 2.15848e-12 -6.12168e-43 2.15848e-12 1.30887e-12 -4.29605e-43 -6.12168e-43 -4.29605e-43 2.74631e-72)
(1.16645e-11 1.05893e-12 1.61307e-43 1.05893e-12 7.16321e-13 7.09897e-44 1.61307e-43 7.09897e-44 7.2266e-73)
(5.70585e-12 6.76696e-13 -7.64361e-43 6.76696e-13 3.3364e-13 -1.42852e-43 -7.64361e-43 -1.42852e-43 1.22563e-72)
(1.03195e-11 4.82242e-13 9.25022e-45 4.82242e-13 1.12969e-13 -1.68217e-43 9.25022e-45 -1.68217e-43 1.68717e-72)
(7.32881e-12 1.23291e-13 -3.97008e-43 1.23291e-13 1.21641e-14 -1.88733e-44 -3.97008e-43 -1.88733e-44 7.31363e-73)
(2.03025e-11 -5.66835e-14 -3.6434e-41 -5.66835e-14 1.31168e-14 -1.11118e-42 -3.6434e-41 -1.11118e-42 7.80546e-69)
(1.01293e-11 -3.24961e-13 1.06113e-40 -3.24961e-13 1.15503e-13 -1.90481e-41 1.06113e-40 -1.90481e-41 1.05494e-68)
(9.5335e-12 -3.6654e-13 -4.42502e-41 -3.6654e-13 3.26999e-13 2.3593e-42 -4.42502e-41 2.3593e-42 1.97802e-68)
(8.2814e-12 -1.23043e-12 -6.55417e-41 -1.23043e-12 6.52184e-13 2.91357e-41 -6.55417e-41 2.91357e-41 8.43207e-69)
(1.09029e-11 -1.28793e-12 -1.74875e-40 -1.28793e-12 1.12367e-12 1.41977e-41 -1.74875e-40 1.41977e-41 3.68829e-68)
(1.99328e-11 -1.83633e-12 1.0762e-40 -1.83633e-12 1.79784e-12 3.70583e-41 1.0762e-40 3.70583e-41 4.28154e-68)
(1.94703e-11 -3.62879e-12 2.52328e-41 -3.62879e-12 2.85681e-12 -1.1541e-40 2.52328e-41 -1.1541e-40 2.59733e-68)
(1.36761e-11 -4.76584e-12 3.10168e-40 -4.76584e-12 4.42465e-12 -5.19611e-41 3.10168e-40 -5.19611e-41 3.92226e-68)
(3.01949e-11 -7.58685e-12 -1.18235e-39 -7.58685e-12 7.02771e-12 1.14509e-39 -1.18235e-39 1.14509e-39 1.00079e-65)
(1.95951e-11 -1.00168e-11 1.20864e-37 -1.00168e-11 1.11505e-11 -6.88931e-39 1.20864e-37 -6.88931e-39 1.96971e-62)
(2.43694e-11 -1.71038e-11 -3.03587e-36 -1.71038e-11 1.77196e-11 -1.90764e-37 -3.03587e-36 -1.90764e-37 1.0686e-59)
(4.05222e-11 -2.43587e-11 -1.99414e-34 -2.43587e-11 2.7934e-11 3.5113e-35 -1.99414e-34 3.5113e-35 3.49768e-56)
(4.35989e-11 -3.67783e-11 7.22199e-34 -3.67783e-11 4.32424e-11 9.08654e-35 7.22199e-34 9.08654e-35 7.14057e-54)
(4.09471e-11 -4.37039e-11 -2.03713e-31 -4.37039e-11 6.47725e-11 3.17308e-31 -2.03713e-31 3.17308e-31 4.2536e-50)
(3.57916e-11 -5.49359e-11 5.77317e-31 -5.49359e-11 9.29646e-11 -1.53454e-30 5.77317e-31 -1.53454e-30 2.00923e-48)
(3.18313e-11 -6.23565e-11 1.48067e-28 -6.23565e-11 1.30967e-10 -3.28181e-28 1.48067e-28 -3.28181e-28 1.82643e-44)
(2.56646e-11 -6.4165e-11 5.7007e-28 -6.4165e-11 1.69284e-10 -1.432e-27 5.7007e-28 -1.432e-27 1.54254e-43)
(1.60549e-11 -5.64479e-11 4.15273e-26 -5.64479e-11 2.07568e-10 -1.19828e-25 4.15273e-26 -1.19828e-25 1.05291e-39)
(6.23907e-12 -3.83742e-11 -3.0609e-26 -3.83742e-11 2.41206e-10 1.835e-25 -3.0609e-26 1.835e-25 1.13549e-39)
(9.17523e-13 -1.36782e-11 8.54077e-29 -1.36782e-11 2.59118e-10 -1.48681e-27 8.54077e-29 -1.48681e-27 2.2027e-43)
(1.23396e-12 1.47857e-11 2.72674e-29 1.47857e-11 2.58692e-10 2.56808e-27 2.72674e-29 2.56808e-27 2.21115e-43)
(7.28938e-12 3.88782e-11 -1.6078e-26 3.88782e-11 2.42151e-10 -8.23134e-26 -1.6078e-26 -8.23134e-26 2.81926e-39)
(1.72448e-11 5.66547e-11 5.19953e-26 5.66547e-11 2.08655e-10 1.83567e-25 5.19953e-26 1.83567e-25 8.27533e-40)
(2.76504e-11 6.52766e-11 -4.2976e-25 6.52766e-11 1.71704e-10 -4.89941e-25 -4.2976e-25 -4.89941e-25 4.32871e-37)
(3.27356e-11 6.22287e-11 3.09237e-25 6.22287e-11 1.34025e-10 6.45185e-26 3.09237e-25 6.45185e-26 3.95585e-37)
(3.53008e-11 5.47356e-11 -1.26347e-26 5.47356e-11 9.69068e-11 -1.60833e-26 -1.26347e-26 -1.60833e-26 7.67262e-41)
(4.07968e-11 4.87345e-11 -3.34445e-28 4.87345e-11 6.88528e-11 -1.37132e-28 -3.34445e-28 -1.37132e-28 8.90971e-44)
(4.00861e-11 3.47541e-11 5.71415e-30 3.47541e-11 4.6957e-11 1.1056e-29 5.71415e-30 1.1056e-29 9.83498e-47)
(3.17758e-11 2.60821e-11 1.4062e-31 2.60821e-11 3.13045e-11 6.63629e-32 1.4062e-31 6.63629e-32 3.85049e-50)
(4.00475e-11 1.64386e-11 -1.11715e-32 1.64386e-11 2.03295e-11 -1.03254e-32 -1.11715e-32 -1.03254e-32 2.89151e-53)
(3.16895e-11 1.42221e-11 -1.18965e-34 1.42221e-11 1.2818e-11 -7.41458e-35 -1.18965e-34 -7.41458e-35 1.26314e-56)
(2.23502e-11 6.23409e-12 2.30024e-36 6.23409e-12 7.98253e-12 3.32988e-36 2.30024e-36 3.32988e-36 9.73056e-60)
(1.17405e-11 4.9552e-12 8.75263e-39 4.9552e-12 4.7914e-12 3.58669e-38 8.75263e-39 3.58669e-38 2.64868e-63)
(2.65381e-11 5.2631e-12 -1.95385e-39 5.2631e-12 2.82504e-12 -7.34915e-40 -1.95385e-39 -7.34915e-40 1.7323e-66)
(1.61319e-11 2.83783e-12 1.987e-40 2.83783e-12 1.61866e-12 4.46147e-41 1.987e-40 4.46147e-41 3.65828e-68)
(8.6387e-12 1.17058e-12 2.5706e-41 1.17058e-12 8.57464e-13 2.2465e-41 2.5706e-41 2.2465e-41 2.94127e-68)
(1.12905e-11 1.32217e-12 -1.72459e-41 1.32217e-12 4.38855e-13 -2.95654e-42 -1.72459e-41 -2.95654e-42 8.13989e-69)
(1.36927e-11 7.55892e-13 7.63628e-41 7.55892e-13 1.97477e-13 1.46157e-41 7.63628e-41 1.46157e-41 1.34537e-68)
(2.31074e-11 3.4756e-13 2.01256e-40 3.4756e-13 6.45651e-14 1.32527e-41 2.01256e-40 1.32527e-41 1.99632e-68)
(1.69144e-11 1.62536e-13 4.37678e-41 1.62536e-13 6.87763e-15 1.68985e-42 4.37678e-41 1.68985e-42 8.45967e-69)
(1.12471e-11 -1.47405e-13 -2.2452e-39 -1.47405e-13 1.8026e-14 2.8405e-40 -2.2452e-39 2.8405e-40 1.0272e-64)
(2.29202e-11 -5.10548e-13 -1.58654e-38 -5.10548e-13 1.56403e-13 1.84554e-39 -1.58654e-38 1.84554e-39 1.10079e-64)
(7.3333e-12 -1.86968e-13 -8.81995e-39 -1.86968e-13 4.40214e-13 -1.24475e-39 -8.81995e-39 -1.24475e-39 2.26093e-64)
(1.86357e-11 -5.04753e-13 9.38858e-39 -5.04753e-13 8.68375e-13 -3.17126e-39 9.38858e-39 -3.17126e-39 9.44971e-65)
(1.34027e-11 -2.20649e-12 4.67365e-39 -2.20649e-12 1.44183e-12 6.10562e-41 4.67365e-39 6.10562e-41 3.284e-64)
(1.28522e-11 -2.19461e-12 -1.06567e-38 -2.19461e-12 2.26742e-12 -7.17457e-39 -1.06567e-38 -7.17457e-39 4.32152e-64)
(1.39045e-11 -2.87518e-12 1.14708e-38 -2.87518e-12 3.48041e-12 1.59862e-38 1.14708e-38 1.59862e-38 3.16331e-64)
(3.59267e-11 -6.04784e-12 -2.30699e-38 -6.04784e-12 5.1829e-12 5.06932e-39 -2.30699e-38 5.06932e-39 3.00943e-64)
(3.31406e-11 -1.11425e-11 -1.39623e-37 -1.11425e-11 7.96878e-12 -6.69931e-38 -1.39623e-37 -6.69931e-38 1.4285e-62)
(4.26467e-11 -1.34821e-11 -5.45847e-36 -1.34821e-11 1.25738e-11 -1.53678e-36 -5.45847e-36 -1.53678e-36 4.84791e-59)
(4.68255e-11 -2.21511e-11 1.30598e-34 -2.21511e-11 2.02275e-11 7.18115e-36 1.30598e-34 7.18115e-36 2.18139e-56)
(6.55215e-11 -3.54926e-11 -1.03431e-32 -3.54926e-11 3.23946e-11 1.922e-32 -1.03431e-32 1.922e-32 1.91432e-52)
(6.70187e-11 -4.81542e-11 -3.30494e-32 -4.81542e-11 5.27981e-11 1.03142e-32 -3.30494e-32 1.03142e-32 3.42771e-50)
(1.01508e-10 -7.43018e-11 2.83291e-29 -7.43018e-11 8.11775e-11 1.51347e-29 2.83291e-29 1.51347e-29 1.58021e-45)
(7.70103e-11 -9.0962e-11 -3.33052e-28 -9.0962e-11 1.24476e-10 4.24402e-28 -3.33052e-28 4.24402e-28 1.25046e-44)
(7.23603e-11 -1.08025e-10 -5.90043e-26 -1.08025e-10 1.77901e-10 8.32953e-26 -5.90043e-26 8.32953e-26 6.70716e-40)
(5.10868e-11 -1.03091e-10 -2.70524e-27 -1.03091e-10 2.2203e-10 5.1252e-27 -2.70524e-27 5.1252e-27 2.99216e-42)
(3.47088e-11 -9.54279e-11 -5.5186e-27 -9.54279e-11 2.77129e-10 9.58562e-27 -5.5186e-27 9.58562e-27 2.98691e-41)
(1.78002e-11 -7.56388e-11 2.24776e-26 -7.56388e-11 3.31408e-10 -9.41217e-26 2.24776e-26 -9.41217e-26 8.73885e-40)
(3.48278e-12 -3.54007e-11 1.25007e-27 -3.54007e-11 3.69326e-10 -7.98506e-27 1.25007e-27 -7.98506e-27 1.42392e-40)
(4.36179e-13 1.06248e-11 -1.24858e-27 1.06248e-11 3.69007e-10 -1.36518e-25 -1.24858e-27 -1.36518e-25 1.53625e-38)
(9.43727e-12 5.38024e-11 -1.72823e-25 5.38024e-11 3.43727e-10 -6.45407e-24 -1.72823e-25 -6.45407e-24 3.12525e-36)
(2.44938e-11 8.16975e-11 -1.13249e-26 8.16975e-11 2.98135e-10 -3.98752e-26 -1.13249e-26 -3.98752e-26 5.25493e-41)
(4.14299e-11 9.64592e-11 -2.56231e-26 9.64592e-11 2.43222e-10 1.96302e-25 -2.56231e-26 1.96302e-25 2.25006e-38)
(7.28928e-11 1.06993e-10 -7.26752e-26 1.06993e-10 1.80811e-10 -1.50759e-25 -7.26752e-26 -1.50759e-25 3.46166e-39)
(7.10277e-11 8.7824e-11 -3.23573e-28 8.7824e-11 1.28194e-10 -7.16579e-28 -3.23573e-28 -7.16579e-28 1.94916e-43)
(6.00216e-11 6.15442e-11 1.26407e-28 6.15442e-11 8.55296e-11 7.39908e-29 1.26407e-28 7.39908e-29 6.30898e-45)
(5.15557e-11 4.19055e-11 5.18201e-31 4.19055e-11 5.69768e-11 9.58857e-31 5.18201e-31 9.58857e-31 4.41387e-49)
(4.84307e-11 3.48856e-11 7.43922e-33 3.48856e-11 3.57788e-11 2.64105e-32 7.43922e-33 2.64105e-32 9.35445e-52)
(5.30276e-11 2.56319e-11 -1.48469e-33 2.56319e-11 2.23749e-11 -6.77019e-34 -1.48469e-33 -6.77019e-34 7.48818e-55)
(3.88153e-11 1.8859e-11 -3.19836e-35 1.8859e-11 1.34585e-11 -3.06982e-35 -3.19836e-35 -3.06982e-35 5.10301e-58)
(2.98658e-11 1.12263e-11 1.02459e-36 1.12263e-11 8.04571e-12 3.08629e-37 1.02459e-36 3.08629e-37 5.42619e-61)
(2.20041e-11 7.33625e-12 -1.5959e-39 7.33625e-12 4.62644e-12 1.18704e-38 -1.5959e-39 1.18704e-38 9.63329e-64)
(2.47032e-11 4.27581e-12 4.17084e-39 4.27581e-12 2.66221e-12 -5.82114e-40 4.17084e-39 -5.82114e-40 3.36719e-64)
(1.47954e-11 3.13982e-12 -1.33595e-38 3.13982e-12 1.44567e-12 -4.86774e-39 -1.33595e-38 -4.86774e-39 4.17076e-64)
(1.43318e-11 2.47356e-12 8.4858e-40 2.47356e-12 7.72777e-13 -2.88195e-39 8.4858e-40 -2.88195e-39 3.45728e-64)
(1.43541e-11 1.16742e-12 -2.93345e-40 1.16742e-12 3.79623e-13 6.21825e-40 -2.93345e-40 6.21825e-40 1.00458e-64)
(1.59029e-11 3.95468e-13 -6.21367e-39 3.95468e-13 1.71006e-13 -1.83932e-39 -6.21367e-39 -1.83932e-39 1.60914e-64)
(2.14362e-11 3.90514e-13 -8.05482e-39 3.90514e-13 5.62859e-14 -1.11061e-39 -8.05482e-39 -1.11061e-39 2.18789e-64)
(2.24184e-11 1.40269e-13 6.51621e-39 1.40269e-13 6.1168e-15 -1.58008e-40 6.51621e-39 -1.58008e-40 1.01974e-64)
(5.38197e-12 -4.53886e-14 4.14106e-38 -4.53886e-14 3.4991e-14 -5.92578e-38 4.14106e-38 -5.92578e-38 1.55396e-60)
(1.20461e-11 -4.72086e-13 9.7386e-37 -4.72086e-13 2.89897e-13 -1.72616e-37 9.7386e-37 -1.72616e-37 1.09954e-60)
(1.82044e-11 -9.78325e-13 2.0891e-37 -9.78325e-13 8.26108e-13 3.30915e-37 2.0891e-37 3.30915e-37 2.81257e-60)
(2.26991e-11 -9.65419e-13 -4.12931e-37 -9.65419e-13 1.5975e-12 3.04879e-37 -4.12931e-37 3.04879e-37 9.84129e-61)
(1.24274e-11 -1.31098e-12 1.01183e-37 -1.31098e-12 2.71087e-12 -1.21528e-37 1.01183e-37 -1.21528e-37 2.6847e-60)
(2.11297e-11 -1.78703e-12 1.10741e-36 -1.78703e-12 3.96066e-12 1.3322e-36 1.10741e-36 1.3322e-36 4.33514e-60)
(2.72674e-11 -1.67964e-12 6.96044e-37 -1.67964e-12 5.72104e-12 -2.36477e-36 6.96044e-37 -2.36477e-36 3.88841e-60)
(3.59189e-11 -2.24797e-12 1.81081e-36 -2.24797e-12 7.82972e-12 -1.17734e-36 1.81081e-36 -1.17734e-36 4.29535e-60)
(4.48147e-11 -5.40031e-12 1.34895e-35 -5.40031e-12 1.09416e-11 1.03575e-35 1.34895e-35 1.03575e-35 5.30351e-59)
(5.36166e-11 -9.81325e-12 -3.76201e-35 -9.81325e-12 1.54751e-11 2.65468e-35 -3.76201e-35 2.65468e-35 1.62375e-58)
(7.73871e-11 -2.36953e-11 1.58097e-34 -2.36953e-11 2.29919e-11 -3.41614e-34 1.58097e-34 -3.41614e-34 1.62859e-55)
(9.77853e-11 -3.69791e-11 2.46131e-32 -3.69791e-11 3.53313e-11 -2.38176e-32 2.46131e-32 -2.38176e-32 3.96389e-53)
(1.097e-10 -5.55518e-11 1.33255e-31 -5.55518e-11 5.59832e-11 -2.47046e-32 1.33255e-31 -2.47046e-32 3.04992e-50)
(1.41316e-10 -8.88906e-11 -5.86663e-30 -8.88906e-11 8.38215e-11 2.30324e-30 -5.86663e-30 2.30324e-30 4.64621e-48)
(1.67895e-10 -1.23694e-10 7.74067e-28 -1.23694e-10 1.29729e-10 -6.64404e-28 7.74067e-28 -6.64404e-28 2.26468e-44)
(1.34725e-10 -1.50024e-10 2.52869e-26 -1.50024e-10 1.95267e-10 2.31741e-26 2.52869e-26 2.31741e-26 7.90944e-40)
(1.17795e-10 -1.71451e-10 -2.19105e-25 -1.71451e-10 2.79991e-10 -4.3613e-25 -2.19105e-25 -4.3613e-25 4.21484e-37)
(8.33359e-11 -1.75401e-10 -1.05372e-24 -1.75401e-10 3.97555e-10 2.41121e-24 -1.05372e-24 2.41121e-24 1.59142e-36)
(4.17272e-11 -1.42495e-10 -1.56552e-24 -1.42495e-10 5.09557e-10 7.38191e-24 -1.56552e-24 7.38191e-24 1.93593e-36)
(8.10886e-12 -6.81933e-11 1.15597e-24 -6.81933e-11 5.89042e-10 -1.05668e-23 1.15597e-24 -1.05668e-23 7.33884e-37)
(1.41613e-12 2.16879e-11 1.80423e-26 2.16879e-11 5.9907e-10 4.12337e-25 1.80423e-26 4.12337e-25 2.01767e-38)
(2.61577e-11 1.12505e-10 -1.96592e-25 1.12505e-10 5.48735e-10 -1.34143e-24 -1.96592e-25 -1.34143e-24 9.47893e-37)
(6.47605e-11 1.60591e-10 -4.1886e-26 1.60591e-10 4.5044e-10 -2.34542e-25 -4.1886e-26 -2.34542e-25 2.89317e-38)
(1.00133e-10 1.71378e-10 4.8124e-25 1.71378e-10 3.39737e-10 4.98561e-25 4.8124e-25 4.98561e-25 1.53737e-38)
(1.21652e-10 1.54451e-10 1.80325e-25 1.54451e-10 2.3345e-10 6.14333e-25 1.80325e-25 6.14333e-25 3.64101e-37)
(1.31893e-10 1.29445e-10 3.9424e-28 1.29445e-10 1.56321e-10 3.52623e-28 3.9424e-28 3.52623e-28 7.02015e-43)
(1.27879e-10 9.34871e-11 8.34513e-32 9.34871e-11 1.03881e-10 -8.86151e-30 8.34513e-32 -8.86151e-30 9.69216e-47)
(1.23386e-10 6.1339e-11 -4.40179e-31 6.1339e-11 6.13681e-11 -3.46075e-31 -4.40179e-31 -3.46075e-31 4.76271e-50)
(1.01495e-10 4.69992e-11 1.22733e-32 4.69992e-11 3.87586e-11 1.0893e-32 1.22733e-32 1.0893e-32 6.17336e-53)
(6.72261e-11 2.62343e-11 1.71177e-34 2.62343e-11 2.40652e-11 3.33334e-34 1.71177e-34 3.33334e-34 2.05288e-55)
(6.34524e-11 1.80342e-11 -1.15298e-35 1.80342e-11 1.49254e-11 -8.17712e-36 -1.15298e-35 -8.17712e-36 1.44944e-58)
(4.11689e-11 9.53834e-12 1.03993e-35 9.53834e-12 9.29354e-12 -6.00145e-36 1.03993e-35 -6.00145e-36 5.28519e-59)
(3.67497e-11 5.25176e-12 2.90498e-36 5.25176e-12 5.67397e-12 1.10652e-36 2.90498e-36 1.10652e-36 7.62321e-60)
(2.68195e-11 4.19443e-12 -2.79017e-36 4.19443e-12 3.55776e-12 9.34051e-37 -2.79017e-36 9.34051e-37 3.80636e-60)
(2.44537e-11 3.41945e-12 1.77099e-36 3.41945e-12 2.14162e-12 1.46794e-37 1.77099e-36 1.46794e-37 4.12544e-60)
(2.03291e-11 1.46588e-12 1.25529e-36 1.46588e-12 1.2846e-12 6.24143e-37 1.25529e-36 6.24143e-37 4.16191e-60)
(1.93356e-11 1.43278e-13 5.99403e-37 1.43278e-13 7.03615e-13 -2.17225e-37 5.99403e-37 -2.17225e-37 1.26382e-60)
(2.33924e-11 5.42382e-13 9.64514e-37 5.42382e-13 3.5554e-13 2.84183e-37 9.64514e-37 2.84183e-37 1.90279e-60)
(9.40105e-12 -8.0879e-14 6.34574e-37 -8.0879e-14 1.17814e-13 6.64442e-38 6.34574e-37 6.64442e-38 2.17012e-60)
(1.12307e-11 4.09556e-14 1.29704e-36 4.09556e-14 1.5155e-14 1.69282e-38 1.29704e-36 1.69282e-38 1.19761e-60)
(9.96124e-12 -2.73579e-13 3.97223e-35 -2.73579e-13 7.5924e-14 9.41373e-36 3.97223e-35 9.41373e-36 2.0391e-56)
(1.09649e-11 -5.69072e-13 -1.20293e-34 -5.69072e-13 6.14948e-13 1.64224e-35 -1.20293e-34 1.64224e-35 1.11788e-56)
(2.39962e-11 -1.0955e-12 -2.12356e-34 -1.0955e-12 1.78435e-12 -7.70509e-35 -2.12356e-34 -7.70509e-35 3.51898e-56)
(2.44327e-11 -9.97785e-13 7.3156e-35 -9.97785e-13 3.466e-12 -2.73482e-35 7.3156e-35 -2.73482e-35 8.97679e-57)
(2.12908e-11 -9.82228e-13 -9.91402e-35 -9.82228e-13 5.82312e-12 -3.67755e-36 -9.91402e-35 -3.67755e-36 2.1679e-56)
(1.47554e-11 1.28934e-12 -1.89684e-34 1.28934e-12 8.57685e-12 -2.09682e-34 -1.89684e-34 -2.09682e-34 4.36171e-56)
(4.29624e-11 2.2369e-12 2.96282e-36 2.2369e-12 1.19938e-11 3.99103e-34 2.96282e-36 3.99103e-34 4.60908e-56)
(4.08456e-11 2.26054e-12 -1.50302e-34 2.26054e-12 1.60178e-11 3.19565e-34 -1.50302e-34 3.19565e-34 7.83308e-56)
(7.58216e-11 5.60083e-12 -1.90422e-33 5.60083e-12 2.02268e-11 -2.09941e-33 -1.90422e-33 -2.09941e-33 5.63907e-55)
(6.8727e-11 1.3005e-12 1.86344e-33 1.3005e-12 2.56054e-11 -1.31281e-33 1.86344e-33 -1.31281e-33 3.76188e-55)
(1.16245e-10 -9.22675e-12 -1.49823e-32 -9.22675e-12 3.13196e-11 2.37616e-32 -1.49823e-32 2.37616e-32 6.16129e-52)
(1.48824e-10 -1.68903e-11 -2.39264e-30 -1.68903e-11 4.07566e-11 2.02075e-30 -2.39264e-30 2.02075e-30 2.94489e-49)
(1.71027e-10 -4.07053e-11 9.63475e-31 -4.07053e-11 5.48281e-11 1.69318e-31 9.63475e-31 1.69318e-31 3.41516e-46)
(2.14597e-10 -8.40322e-11 -2.73392e-29 -8.40322e-11 7.58896e-11 1.20199e-29 -2.73392e-29 1.20199e-29 4.64421e-47)
(2.64791e-10 -1.40701e-10 2.52324e-27 -1.40701e-10 1.22334e-10 -3.38106e-27 2.52324e-27 -3.38106e-27 1.01015e-42)
(2.56605e-10 -1.9667e-10 1.55903e-26 -1.9667e-10 2.00655e-10 -1.29135e-26 1.55903e-26 -1.29135e-26 2.10018e-42)
(2.40105e-10 -2.49804e-10 -3.58969e-25 -2.49804e-10 3.12647e-10 2.4824e-25 -3.58969e-25 2.4824e-25 2.80043e-39)
(1.94218e-10 -2.8827e-10 3.32403e-24 -2.8827e-10 4.81984e-10 -5.14638e-24 3.32403e-24 -5.14638e-24 1.62139e-36)
(1.11525e-10 -2.63297e-10 -1.60749e-24 -2.63297e-10 6.73074e-10 4.63746e-24 -1.60749e-24 4.63746e-24 5.37009e-37)
(2.93654e-11 -1.51746e-10 -2.07683e-26 -1.51746e-10 8.38801e-10 -1.4427e-25 -2.07683e-26 -1.4427e-25 1.08802e-37)
(8.17762e-13 1.80074e-11 -3.27557e-27 1.80074e-11 8.79415e-10 -1.93404e-25 -3.27557e-27 -1.93404e-25 2.7784e-39)
(4.94802e-11 1.83908e-10 -2.18601e-24 1.83908e-10 7.91651e-10 -4.9507e-24 -2.18601e-24 -4.9507e-24 3.06007e-36)
(1.39067e-10 2.70105e-10 1.07615e-24 2.70105e-10 6.143e-10 3.59162e-24 1.07615e-24 3.59162e-24 7.42e-37)
(2.09765e-10 2.6819e-10 1.38343e-24 2.6819e-10 4.24089e-10 -2.16456e-24 1.38343e-24 -2.16456e-24 3.16759e-36)
(2.33823e-10 2.18935e-10 1.37597e-25 2.18935e-10 2.75991e-10 1.01722e-25 1.37597e-25 1.01722e-25 5.93166e-39)
(2.62724e-10 1.55893e-10 -1.30481e-25 1.55893e-10 1.6476e-10 -2.55863e-25 -1.30481e-25 -2.55863e-25 4.82171e-39)
(2.37037e-10 1.09746e-10 -2.41138e-28 1.09746e-10 1.05841e-10 -2.24995e-29 -2.41138e-28 -2.24995e-29 4.47209e-44)
(1.66302e-10 4.42779e-11 -2.93393e-29 4.42779e-11 6.68504e-11 -4.25341e-30 -2.93393e-29 -4.25341e-30 4.48503e-46)
(1.5221e-10 2.17834e-11 -6.83266e-31 2.17834e-11 4.66328e-11 -2.69113e-31 -6.83266e-31 -2.69113e-31 5.46913e-50)
