/*--------------------------------*- C++ -*----------------------------------*\
| =========                 |                                                 |
| \\      /  F ield         | OpenFOAM: The Open Source CFD Toolbox           |
|  \\    /   O peration     | Version:  2212                                  |
|   \\  /    A nd           | Website:  www.openfoam.com                      |
|    \\/     M anipulation  |                                                 |
\*---------------------------------------------------------------------------*/
FoamFile
{
    version     2.0;
    format      ascii;
    arch        "LSB;label=32;scalar=64";
    class       volTensorField;
    location    "./../../../openfoam_data/0";
    object      a_U;
}
// * * * * * * * * * * * * * * * * * * * * * * * * * * * * * * * * * * * * * //

dimensions      [0 2 -1 0 0 0 0];

internalField   nonuniform List<tensor> 
11644
(
(2.2541104e-15 -1.2720615e-15 5.1626577e-53 -1.2720615e-15 2.4356869e-15 -8.4924762e-53 5.1626577e-53 -8.4924762e-53 1.7364986e-88)
(2.6242391e-15 -4.8865245e-15 6.5270251e-52 -4.8865245e-15 2.2252333e-14 -2.6109398e-51 6.5270251e-52 -2.6109398e-51 1.8446267e-87)
(2.8204855e-15 -8.8855535e-15 2.1700979e-52 -8.8855535e-15 6.388573e-14 -1.2182662e-51 2.1700979e-52 -1.2182662e-51 2.5715756e-88)
(2.6130425e-15 -1.3930151e-14 2.8598136e-52 -1.3930151e-14 1.3167401e-13 -5.9474886e-52 2.8598136e-52 -5.9474886e-52 9.6977957e-88)
(1.3431251e-15 -1.2502559e-14 -2.8585366e-51 -1.2502559e-14 2.3232882e-13 -2.1954042e-49 -2.8585366e-51 -2.1954042e-49 1.392732e-83)
(2.4369457e-15 -2.1561658e-14 -3.0848977e-48 -2.1561658e-14 3.7528822e-13 3.1695135e-48 -3.0848977e-48 3.1695135e-48 1.7694873e-79)
(3.616712e-15 -2.8619471e-14 -3.2648652e-46 -2.8619471e-14 5.7308525e-13 4.030206e-45 -3.2648652e-46 4.030206e-45 2.3128447e-75)
(4.8624448e-15 -3.9593269e-14 -1.5902061e-46 -3.9593269e-14 8.4117307e-13 -1.3726503e-43 -1.5902061e-46 -1.3726503e-43 2.0020539e-71)
(5.0425819e-15 -4.3232184e-14 4.8432448e-42 -4.3232184e-14 1.1974664e-12 -6.689437e-41 4.8432448e-42 -6.689437e-41 4.2566202e-67)
(5.1253909e-15 -6.5055965e-14 -3.5819895e-40 -6.5055965e-14 1.6616126e-12 6.7976964e-39 -3.5819895e-40 6.7976964e-39 3.9393806e-63)
(5.2905735e-15 -7.7131581e-14 3.2870725e-38 -7.7131581e-14 2.2524017e-12 2.5058054e-36 3.2870725e-38 2.5058054e-36 1.2516714e-58)
(4.882812e-15 -8.5622568e-14 1.7239912e-35 -8.5622568e-14 2.9839864e-12 4.733505e-35 1.7239912e-35 4.733505e-35 2.4887787e-54)
(5.2526104e-15 -9.7526153e-14 -7.3724185e-34 -9.7526153e-14 3.8633877e-12 -9.6423539e-32 -7.3724185e-34 -9.6423539e-32 2.960022e-50)
(3.584948e-15 -1.0457258e-13 8.0569565e-32 -1.0457258e-13 4.8749174e-12 -1.6204227e-29 8.0569565e-32 -1.6204227e-29 9.601813e-46)
(3.8647702e-15 -1.2710186e-13 -1.4562466e-29 -1.2710186e-13 6.0027071e-12 7.8387263e-28 -1.4562466e-29 7.8387263e-28 1.6160961e-42)
(2.9730715e-15 -1.2101683e-13 -1.0700362e-26 -1.2101683e-13 7.1557961e-12 1.1659871e-24 -1.0700362e-26 1.1659871e-24 1.6714656e-36)
(2.7383922e-15 -1.2771047e-13 5.0794852e-30 -1.2771047e-13 8.3072164e-12 5.217259e-28 5.0794852e-30 5.217259e-28 2.321981e-42)
(1.1515166e-15 -8.7636668e-14 5.2963269e-31 -8.7636668e-14 9.3280993e-12 -2.0677474e-28 5.2963269e-31 -2.0677474e-28 6.4824506e-44)
(3.9271699e-15 -1.2418427e-13 1.3137518e-30 -1.2418427e-13 9.9779175e-12 -3.6777168e-29 1.3137518e-30 -3.6777168e-29 2.3845989e-45)
(2.6564593e-15 5.5794344e-14 -1.1944491e-27 5.5794344e-14 1.0302476e-11 -3.0753684e-26 -1.1944491e-27 -3.0753684e-26 2.5954531e-39)
(6.2386175e-15 3.9408273e-14 -1.4089268e-26 3.9408273e-14 1.0503318e-11 -7.9391348e-25 -1.4089268e-26 -7.9391348e-25 5.5872007e-37)
(6.6944554e-15 4.6397622e-14 -6.3771258e-30 4.6397622e-14 1.01416e-11 4.4915776e-29 -6.3771258e-30 4.4915776e-29 1.1901859e-43)
(1.0912497e-15 7.1427149e-14 -2.7981104e-31 7.1427149e-14 9.500753e-12 -2.248962e-29 -2.7981104e-31 -2.248962e-29 9.3284531e-46)
(2.5544915e-15 1.211262e-13 1.860659e-29 1.211262e-13 8.7116593e-12 8.5555502e-28 1.860659e-29 8.5555502e-28 1.4132606e-42)
(2.8489252e-15 1.2043776e-13 2.3872526e-26 1.2043776e-13 7.5946081e-12 1.2374258e-24 2.3872526e-26 1.2374258e-24 1.8903534e-36)
(3.6511875e-15 1.2633496e-13 2.0969659e-29 1.2633496e-13 6.4950401e-12 6.8077375e-28 2.0969659e-29 6.8077375e-28 2.1654306e-42)
(3.7170036e-15 1.094747e-13 -6.9528447e-31 1.094747e-13 5.3826099e-12 -1.7255771e-29 -6.9528447e-31 -1.7255771e-29 1.9224165e-45)
(5.4436715e-15 9.7551555e-14 -7.7496535e-34 9.7551555e-14 4.3615433e-12 -1.0954756e-31 -7.7496535e-34 -1.0954756e-31 3.2282595e-50)
(5.0931612e-15 9.2063723e-14 1.9560718e-35 9.2063723e-14 3.4506814e-12 4.1341748e-34 1.9560718e-35 4.1341748e-34 3.1851036e-54)
(4.7019901e-15 8.5342775e-14 -1.4241015e-38 8.5342775e-14 2.6712417e-12 2.136829e-36 -1.4241015e-38 2.136829e-36 1.1653788e-58)
(3.6990617e-15 6.0390725e-14 -6.3746511e-41 6.0390725e-14 2.0223419e-12 -4.8635099e-39 -6.3746511e-41 -4.8635099e-39 5.0571376e-63)
(5.6648081e-15 5.9218901e-14 5.5335418e-42 5.9218901e-14 1.4956644e-12 8.0185154e-41 5.5335418e-42 8.0185154e-41 6.0936058e-67)
(4.2617297e-15 4.9999818e-14 -2.5829518e-44 4.9999818e-14 1.0773958e-12 -2.8315114e-43 -2.5829518e-44 -2.8315114e-43 2.5720528e-71)
(4.0257495e-15 3.5426333e-14 -7.1686671e-46 3.5426333e-14 7.5158633e-13 -1.089544e-44 -7.1686671e-46 -1.089544e-44 3.4097537e-75)
(3.4702252e-15 2.9085953e-14 -2.7724003e-48 2.9085953e-14 5.0284389e-13 1.0841337e-47 -2.7724003e-48 1.0841337e-47 3.1389809e-79)
(3.1935773e-15 2.2374525e-14 1.702917e-50 2.2374525e-14 3.1714598e-13 4.9982251e-49 1.702917e-50 4.9982251e-49 1.9657492e-83)
(3.8045334e-15 1.4551329e-14 -2.6262286e-52 1.4551329e-14 1.8253537e-13 -2.029249e-51 -2.6262286e-52 -2.029249e-51 2.0193129e-87)
(1.422649e-15 7.4157281e-15 -4.3430743e-53 7.4157281e-15 8.9620179e-14 -6.5217977e-52 -4.3430743e-53 -6.5217977e-52 1.576475e-88)
(2.0320882e-15 5.758459e-15 6.973083e-52 5.758459e-15 3.1490756e-14 4.5678646e-51 6.973083e-52 4.5678646e-51 1.8478882e-87)
(1.8822988e-15 1.9345885e-15 -1.7802804e-53 1.9345885e-15 3.4654213e-15 -1.0051357e-52 -1.7802804e-53 -1.0051357e-52 1.7002742e-88)
(7.0751185e-14 -2.7593242e-14 -4.9422177e-50 -2.7593242e-14 1.2652364e-14 2.4594793e-50 -4.9422177e-50 2.4594793e-50 1.8223965e-84)
(6.7184685e-14 -8.1847498e-14 -4.7491827e-49 -8.1847498e-14 1.1632093e-13 5.0931043e-49 -4.7491827e-49 5.0931043e-49 2.4766611e-83)
(7.52008e-14 -1.4615362e-13 -1.2074466e-49 -1.4615362e-13 3.3561355e-13 1.712381e-49 -1.2074466e-49 1.712381e-49 2.938375e-84)
(8.4662764e-14 -2.222245e-13 -3.0612721e-50 -2.222245e-13 6.9417438e-13 -2.1198508e-49 -3.0612721e-50 -2.1198508e-49 5.8576274e-84)
(1.0610734e-13 -3.2464961e-13 -6.539109e-48 -3.2464961e-13 1.2309103e-12 -1.3744563e-49 -6.539109e-48 -1.3744563e-49 5.9933497e-80)
(1.2444301e-13 -4.4640516e-13 -2.9483536e-46 -4.4640516e-13 2.0019644e-12 8.4226701e-45 -2.9483536e-46 8.4226701e-45 9.324934e-76)
(1.6285385e-13 -6.3675165e-13 7.3656031e-44 -6.3675165e-13 3.0842047e-12 3.9711212e-43 7.3656031e-44 3.9711212e-43 7.5551826e-72)
(1.9893993e-13 -8.5407975e-13 7.5699214e-42 -8.5407975e-13 4.5765719e-12 -1.3980324e-40 7.5699214e-42 -1.3980324e-40 1.0862444e-67)
(2.414692e-13 -1.1375637e-12 -9.9078361e-40 -1.1375637e-12 6.5992183e-12 -5.0284198e-39 -9.9078361e-40 -5.0284198e-39 4.6969387e-64)
(2.9556545e-13 -1.5011278e-12 -1.5160642e-37 -1.5011278e-12 9.2884879e-12 1.9755527e-36 -1.5160642e-37 1.9755527e-36 7.8677902e-60)
(3.4315002e-13 -1.9027624e-12 7.9075308e-36 -1.9027624e-12 1.2784829e-11 3.8417906e-35 7.9075308e-36 3.8417906e-35 2.3501156e-56)
(3.7299014e-13 -2.311805e-12 2.1308361e-33 -2.311805e-12 1.7202757e-11 -1.9710348e-32 2.1308361e-33 -1.9710348e-32 4.3154605e-52)
(4.0552712e-13 -2.7769037e-12 -3.8321423e-32 -2.7769037e-12 2.2626067e-11 -6.3833468e-31 -3.8321423e-32 -6.3833468e-31 2.3658707e-48)
(4.1084879e-13 -3.1773482e-12 -1.6060182e-29 -3.1773482e-12 2.8961399e-11 1.2099975e-28 -1.6060182e-29 1.2099975e-28 2.0977421e-44)
(3.8976785e-13 -3.4858183e-12 2.6942873e-28 -3.4858183e-12 3.6184942e-11 -1.8754683e-27 2.6942873e-28 -1.8754683e-27 1.0815987e-41)
(3.2400655e-13 -3.4978868e-12 1.0829198e-25 -3.4978868e-12 4.3568878e-11 -1.969185e-24 1.0829198e-25 -1.969185e-24 2.2809948e-36)
(2.5117009e-13 -3.3751987e-12 6.284883e-28 -3.3751987e-12 5.1319157e-11 -1.5766882e-26 6.284883e-28 -1.5766882e-26 2.7622116e-39)
(1.3730783e-13 -2.6337995e-12 -3.5279891e-27 -2.6337995e-12 5.7381212e-11 9.9367648e-26 -3.5279891e-27 9.9367648e-26 1.2099708e-39)
(7.836954e-14 -2.0795273e-12 3.2107551e-29 -2.0795273e-12 6.3247573e-11 -7.3317058e-28 3.2107551e-29 -7.3317058e-28 2.4963561e-43)
(1.3960844e-14 -5.5034844e-13 2.3009934e-27 -5.5034844e-13 6.5698568e-11 -3.2711027e-25 2.3009934e-27 -3.2711027e-25 3.0449095e-38)
(6.7301511e-15 3.4526985e-13 3.7358854e-29 3.4526985e-13 6.5630112e-11 -1.5618798e-25 3.7358854e-29 -1.5618798e-25 4.0455509e-39)
(4.5132616e-14 1.6048326e-12 2.64694e-29 1.6048326e-12 6.4126011e-11 1.4540429e-27 2.64694e-29 1.4540429e-27 3.3005577e-43)
(1.0231827e-13 2.3791138e-12 2.0592172e-30 2.3791138e-12 5.9628245e-11 5.5998913e-29 2.0592172e-30 5.5998913e-29 1.8326971e-45)
(2.0199728e-13 3.1830127e-12 -1.5688037e-28 3.1830127e-12 5.4242141e-11 -4.861147e-27 -1.5688037e-28 -4.861147e-27 2.4728349e-41)
(2.7180932e-13 3.4034044e-12 2.8717695e-27 3.4034044e-12 4.682506e-11 -1.3520914e-25 2.8717695e-27 -1.3520914e-25 1.3850295e-36)
(3.3773292e-13 3.4849303e-12 4.3858144e-28 3.4849303e-12 3.965628e-11 3.1272843e-27 4.3858144e-28 3.1272843e-27 1.1222371e-41)
(3.6458013e-13 3.254916e-12 -1.3956293e-30 3.254916e-12 3.2434475e-11 3.8778329e-29 -1.3956293e-30 3.8778329e-29 1.9429184e-44)
(3.8043668e-13 2.9620716e-12 -2.9292826e-31 2.9620716e-12 2.5918113e-11 -2.6190446e-30 -2.9292826e-31 -2.6190446e-30 2.0415475e-48)
(3.6634275e-13 2.5751421e-12 -2.1480545e-33 2.5751421e-12 2.0177936e-11 -1.9818601e-32 -2.1480545e-33 -1.9818601e-32 2.1484855e-52)
(3.2833002e-13 2.1146893e-12 2.7698438e-35 2.1146893e-12 1.5355121e-11 1.9282281e-34 2.7698438e-35 1.9282281e-34 6.2660238e-56)
(2.9435682e-13 1.7149883e-12 1.1926413e-37 1.7149883e-12 1.1416641e-11 1.4761044e-36 1.1926413e-37 1.4761044e-36 4.792668e-60)
(2.4818011e-13 1.3508156e-12 -3.655214e-39 1.3508156e-12 8.2894789e-12 -1.6963436e-38 -3.655214e-39 -1.6963436e-38 1.6639891e-63)
(2.1627216e-13 1.062921e-12 3.6915764e-42 1.062921e-12 5.8626171e-12 -4.9952817e-41 3.6915764e-42 -4.9952817e-41 1.0208272e-67)
(1.7679007e-13 8.0162194e-13 3.8880484e-43 8.0162194e-13 4.0180022e-12 1.5289963e-42 3.8880484e-43 1.5289963e-42 2.0598753e-71)
(1.6012867e-13 6.1381921e-13 -5.6449941e-47 6.1381921e-13 2.6442e-12 2.2566623e-45 -5.6449941e-47 2.2566623e-45 1.3969896e-75)
(1.3326369e-13 4.4713549e-13 -2.4851176e-47 4.4713549e-13 1.6430198e-12 -8.6586616e-47 -2.4851176e-47 -8.6586616e-47 1.1383674e-79)
(1.1598323e-13 3.1358154e-13 1.8071952e-49 3.1358154e-13 9.3360605e-13 3.3616829e-49 1.8071952e-49 3.3616829e-49 1.2656276e-83)
(1.0977075e-13 2.1441437e-13 5.4954271e-50 2.1441437e-13 4.5364611e-13 2.0339222e-49 5.4954271e-50 2.0339222e-49 2.0241437e-84)
(9.9429016e-14 1.2048967e-13 -7.9335073e-49 1.2048967e-13 1.5771586e-13 -8.9039214e-49 -7.9335073e-49 -8.9039214e-49 2.157361e-83)
(9.2423632e-14 3.831912e-14 8.5151093e-50 3.831912e-14 1.718101e-14 4.8883219e-50 8.5151093e-50 4.8883219e-50 1.8791367e-84)
(3.8034336e-13 -7.6830995e-14 8.7723844e-48 -7.6830995e-14 1.8905017e-14 -1.6290638e-48 8.7723844e-48 -1.6290638e-48 1.8993461e-80)
(3.980351e-13 -2.3497779e-13 1.0028298e-46 -2.3497779e-13 1.7403958e-13 -4.3606736e-47 1.0028298e-46 -4.3606736e-47 3.1162023e-79)
(4.4005447e-13 -4.1522596e-13 2.093731e-47 -4.1522596e-13 5.0177983e-13 -1.1290701e-47 2.093731e-47 -1.1290701e-47 3.114584e-80)
(5.1266378e-13 -6.4056462e-13 1.2263006e-47 -6.4056462e-13 1.0359116e-12 -1.9915993e-47 1.2263006e-47 -1.9915993e-47 2.4275545e-80)
(6.3204883e-13 -9.3714494e-13 -9.5583035e-47 -9.3714494e-13 1.8356019e-12 7.6252167e-47 -9.5583035e-47 7.6252167e-47 3.6295041e-79)
(7.8069664e-13 -1.3158013e-12 -2.7069904e-48 -1.3158013e-12 2.9900051e-12 4.7474358e-45 -2.7069904e-48 4.7474358e-45 6.831376e-76)
(9.9214809e-13 -1.8265937e-12 1.1651468e-43 -1.8265937e-12 4.6282313e-12 7.4983101e-43 1.1651468e-43 7.4983101e-43 1.0582053e-71)
(1.3011755e-12 -2.5635867e-12 -7.640675e-42 -2.5635867e-12 6.9254504e-12 -1.5624531e-41 -7.640675e-42 -1.5624531e-41 3.2114622e-68)
(1.6120878e-12 -3.4807791e-12 -3.8861589e-40 -3.4807791e-12 1.010975e-11 -5.7579983e-39 -3.8861589e-40 -5.7579983e-39 1.760793e-64)
(1.9647484e-12 -4.6180193e-12 4.2685114e-38 -4.6180193e-12 1.4456213e-11 6.9329538e-38 4.2685114e-38 6.9329538e-38 6.9823324e-61)
(2.3715759e-12 -6.084285e-12 3.4907807e-36 -6.084285e-12 2.0274621e-11 1.5525217e-35 3.4907807e-36 1.5525217e-35 1.432482e-57)
(2.69277e-12 -7.6663904e-12 1.2355359e-34 -7.6663904e-12 2.7851906e-11 -1.1545331e-33 1.2355359e-34 -1.1545331e-33 1.0040081e-53)
(2.9634971e-12 -9.4224132e-12 -1.8442034e-32 -9.4224132e-12 3.7451038e-11 -2.3622618e-33 -1.8442034e-32 -2.3622618e-33 9.4916655e-51)
(3.0493659e-12 -1.1059179e-11 -1.1891471e-30 -1.1059179e-11 4.900304e-11 4.7982503e-30 -1.1891471e-30 4.7982503e-30 9.9341275e-47)
(2.9211143e-12 -1.2345432e-11 1.5599038e-29 -1.2345432e-11 6.257753e-11 2.9516578e-29 1.5599038e-29 2.9516578e-29 3.5543098e-44)
(2.5231025e-12 -1.277113e-11 -1.1431481e-26 -1.277113e-11 7.6769127e-11 3.6419997e-26 -1.1431481e-26 3.6419997e-26 2.8593786e-39)
(1.8973864e-12 -1.2246259e-11 -6.6736258e-26 -1.2246259e-11 9.2109618e-11 2.3483158e-26 -6.6736258e-26 2.3483158e-26 6.1326868e-37)
(1.1547312e-12 -1.0072017e-11 9.6365621e-26 -1.0072017e-11 1.0419255e-10 -9.4501645e-25 9.6365621e-26 -9.4501645e-25 5.4103667e-37)
(4.8885727e-13 -7.0686086e-12 -1.2947018e-28 -7.0686086e-12 1.1626507e-10 1.7471874e-27 -1.2947018e-28 1.7471874e-27 4.1004594e-42)
(1.2603967e-13 -3.0534374e-12 -5.3087032e-27 -3.0534374e-12 1.2127144e-10 2.4950624e-26 -5.3087032e-27 2.4950624e-26 2.5834375e-39)
(2.2355188e-14 1.3607998e-12 2.8519745e-26 1.3607998e-12 1.2218845e-10 1.3898226e-24 2.8519745e-26 1.3898226e-24 1.2466251e-36)
(3.0792845e-13 5.9383593e-12 6.5929924e-29 5.9383593e-12 1.1907484e-10 7.883649e-28 6.5929924e-29 7.883649e-28 1.7802019e-42)
(8.3713099e-13 9.1672803e-12 -3.8621542e-28 9.1672803e-12 1.0848151e-10 -5.3693508e-27 -3.8621542e-28 -5.3693508e-27 8.7000557e-42)
(1.4977366e-12 1.1662257e-11 1.1088626e-25 1.1662257e-11 9.76938e-11 9.8678567e-25 1.1088626e-25 9.8678567e-25 1.8658182e-37)
(2.0915748e-12 1.2597083e-11 5.1401458e-27 1.2597083e-11 8.3020447e-11 1.6056367e-26 5.1401458e-27 1.6056367e-26 9.7674866e-40)
(2.5161018e-12 1.256613e-11 1.3867324e-29 1.256613e-11 6.9053168e-11 -1.232941e-28 1.3867324e-29 -1.232941e-28 3.1480907e-44)
(2.721975e-12 1.1644705e-11 2.1981447e-30 1.1644705e-11 5.5241678e-11 1.1476777e-29 2.1981447e-30 1.1476777e-29 8.7250117e-47)
(2.7286843e-12 1.0247917e-11 -2.6743059e-32 1.0247917e-11 4.3120318e-11 -4.2035853e-32 -2.6743059e-32 -4.2035853e-32 1.8283281e-50)
(2.5835122e-12 8.6651116e-12 -5.4712877e-34 8.6651116e-12 3.2730203e-11 -2.4779112e-33 -5.4712877e-34 -2.4779112e-33 1.0317306e-53)
(2.3394515e-12 7.0772882e-12 1.5580729e-35 7.0772882e-12 2.4268113e-11 3.5431724e-35 1.5580729e-35 3.5431724e-35 4.38648e-57)
(2.0192455e-12 5.5792732e-12 -6.7989977e-38 5.5792732e-12 1.7571091e-11 2.6245569e-39 -6.7989977e-38 2.6245569e-39 5.317692e-61)
(1.7314644e-12 4.3245036e-12 -6.0536636e-39 4.3245036e-12 1.2425633e-11 -1.4553375e-38 -6.0536636e-39 -1.4553375e-38 3.8117178e-64)
(1.4377738e-12 3.2892829e-12 1.9500555e-41 3.2892829e-12 8.5654419e-12 2.7440593e-41 1.9500555e-41 2.7440593e-41 1.8504131e-68)
(1.1805483e-12 2.4331581e-12 1.1932044e-42 2.4331581e-12 5.7301422e-12 2.7646359e-42 1.1932044e-42 2.7646359e-42 1.6843893e-71)
(9.6078976e-13 1.7637017e-12 -1.1618483e-45 1.7637017e-12 3.6886362e-12 -1.3370189e-45 -1.1618483e-45 -1.3370189e-45 7.6834043e-76)
(8.0868063e-13 1.2651906e-12 -1.260659e-46 1.2651906e-12 2.2479106e-12 -2.4497666e-46 -1.260659e-46 -2.4497666e-46 3.586422e-79)
(6.8817409e-13 8.7774625e-13 -4.5716549e-47 8.7774625e-13 1.2567415e-12 -4.1762622e-47 -4.5716549e-47 -4.1762622e-47 4.1915913e-80)
(6.0632239e-13 5.7194164e-13 -1.3577016e-47 5.7194164e-13 6.0303467e-13 -2.806882e-47 -1.3577016e-47 -2.806882e-47 2.5890432e-80)
(5.5063385e-13 3.2090452e-13 1.686372e-46 3.2090452e-13 2.076635e-13 7.5382768e-47 1.686372e-46 7.5382768e-47 2.370902e-79)
(5.2341051e-13 1.0308371e-13 -3.9330711e-47 1.0308371e-13 2.248108e-14 -8.0723723e-48 -3.9330711e-47 -8.0723723e-48 2.1401063e-80)
(9.3785305e-13 -1.0792479e-13 -4.3200967e-46 -1.0792479e-13 1.7015168e-14 -8.8181984e-47 -4.3200967e-46 -8.8181984e-47 1.9397837e-76)
(9.9518412e-13 -3.3286165e-13 -1.4699182e-44 -3.3286165e-13 1.5611884e-13 2.276725e-45 -1.4699182e-44 2.276725e-45 3.7433157e-75)
(1.1088693e-12 -5.8630902e-13 -3.0058593e-45 -5.8630902e-13 4.4780874e-13 7.9808294e-46 -3.0058593e-45 7.9808294e-46 3.4215606e-76)
(1.2823627e-12 -8.8246714e-13 -2.9415258e-45 -8.8246714e-13 9.1943344e-13 2.2057157e-45 -2.9415258e-45 2.2057157e-45 2.6301644e-76)
(1.6201181e-12 -1.2983404e-12 9.1545336e-45 -1.2983404e-12 1.6232641e-12 -6.9110029e-45 9.1545336e-45 -6.9110029e-45 5.4614496e-76)
(2.0529464e-12 -1.8542184e-12 -7.1941897e-45 -1.8542184e-12 2.645932e-12 3.8911404e-45 -7.1941897e-45 3.8911404e-45 9.9510002e-76)
(2.7013355e-12 -2.6498977e-12 -3.3874114e-43 -2.6498977e-12 4.1244331e-12 3.5490724e-43 -3.3874114e-43 3.5490724e-43 1.9855961e-72)
(3.5178818e-12 -3.772491e-12 -1.4817041e-41 -3.772491e-12 6.2625009e-12 3.9801904e-41 -1.4817041e-41 3.9801904e-41 1.0143858e-68)
(4.5745495e-12 -5.3486219e-12 1.392693e-39 -5.3486219e-12 9.3497864e-12 -1.1880253e-39 1.392693e-39 -1.1880253e-39 2.4513912e-65)
(5.7723851e-12 -7.4477421e-12 1.1990865e-37 -7.4477421e-12 1.3770666e-11 -3.0325946e-37 1.1990865e-37 -3.0325946e-37 1.6488583e-61)
(7.1113859e-12 -1.0210368e-11 -5.741984e-36 -1.0210368e-11 2.0004816e-11 5.5701195e-36 -5.741984e-36 5.5701195e-36 1.6025873e-58)
(8.4178117e-12 -1.3535375e-11 -6.8258759e-34 -1.3535375e-11 2.8573989e-11 1.7067575e-33 -6.8258759e-34 1.7067575e-33 1.7866821e-54)
(9.4918069e-12 -1.7319526e-11 1.5900416e-32 -1.7319526e-11 4.0020526e-11 -1.3669189e-32 1.5900416e-32 -1.3669189e-32 6.9667662e-52)
(9.9530167e-12 -2.101048e-11 2.044611e-30 -2.101048e-11 5.4541785e-11 -4.8674394e-30 2.044611e-30 -4.8674394e-30 1.3353631e-47)
(9.7259024e-12 -2.4228212e-11 -3.6781914e-29 -2.4228212e-11 7.2379679e-11 2.1671865e-29 -3.6781914e-29 2.1671865e-29 2.280816e-45)
(8.5679684e-12 -2.5890629e-11 -2.9510676e-27 -2.5890629e-11 9.2241075e-11 5.2039934e-27 -2.9510676e-27 5.2039934e-27 6.3259046e-41)
(6.5304621e-12 -2.5387391e-11 -8.3625461e-27 -2.5387391e-11 1.1409698e-10 3.6612455e-26 -8.3625461e-27 3.6612455e-26 2.9616405e-39)
(4.2097707e-12 -2.1838536e-11 3.9951191e-27 -2.1838536e-11 1.3233335e-10 -4.0483896e-26 3.9951191e-27 -4.0483896e-26 5.6002101e-39)
(1.7748749e-12 -1.5200969e-11 3.3021493e-31 -1.5200969e-11 1.5029102e-10 -1.0531034e-28 3.3021493e-31 -1.0531034e-28 1.5147787e-44)
(4.2169513e-13 -6.7951237e-12 -3.3207278e-28 -6.7951237e-12 1.5850864e-10 5.7356031e-27 -3.3207278e-28 5.7356031e-27 3.8880598e-42)
(8.6437514e-14 3.5163796e-12 -6.7523453e-29 3.5163796e-12 1.5973813e-10 -2.6426263e-27 -6.7523453e-29 -2.6426263e-27 5.1590192e-40)
(1.0183459e-12 1.2416299e-11 -1.7805095e-27 1.2416299e-11 1.5447889e-10 4.8317898e-27 -1.7805095e-27 4.8317898e-27 1.7313278e-39)
(2.9792503e-12 1.9766084e-11 9.8062626e-27 1.9766084e-11 1.3844481e-10 1.1313395e-25 9.8062626e-27 1.1313395e-25 3.0502828e-39)
(5.0934026e-12 2.4220563e-11 -1.1556258e-26 2.4220563e-11 1.2183054e-10 -1.7133837e-26 -1.1556258e-26 -1.7133837e-26 1.792956e-39)
(7.0577673e-12 2.5714588e-11 2.447084e-28 2.5714588e-11 1.0065303e-10 5.3626869e-27 2.447084e-28 5.3626869e-27 5.143519e-41)
(8.3554323e-12 2.4947063e-11 -2.9324261e-30 2.4947063e-11 8.0752272e-11 -1.4365417e-29 -2.9324261e-30 -1.4365417e-29 4.0948613e-46)
(8.9193069e-12 2.2512106e-11 -1.930245e-30 2.2512106e-11 6.223993e-11 -5.7335066e-30 -1.930245e-30 -5.7335066e-30 7.7975341e-48)
(8.7270142e-12 1.9156571e-11 -1.1810904e-33 1.9156571e-11 4.6635885e-11 -9.7957661e-33 -1.1810904e-33 -9.7957661e-33 3.8570985e-52)
(8.0517426e-12 1.5601214e-11 7.433256e-34 1.5601214e-11 3.3905367e-11 1.8416227e-33 7.433256e-34 1.8416227e-33 1.4115932e-54)
(7.1154989e-12 1.2271757e-11 4.9835845e-36 1.2271757e-11 2.4039346e-11 1.1896869e-35 4.9835845e-36 1.1896869e-35 2.0772085e-58)
(5.9812492e-12 9.2981479e-12 -1.8046892e-37 9.2981479e-12 1.6635595e-11 -4.1431913e-37 -1.8046892e-37 -4.1431913e-37 1.6636879e-61)
(4.9831414e-12 6.9267322e-12 -3.5090327e-39 6.9267322e-12 1.1248609e-11 -4.6083069e-39 -3.5090327e-39 -4.6083069e-39 5.5117474e-65)
(4.0088698e-12 5.0218451e-12 4.759663e-41 5.0218451e-12 7.426565e-12 8.6361752e-41 4.759663e-41 8.6361752e-41 1.2865517e-68)
(3.1906546e-12 3.5832945e-12 1.284892e-42 3.5832945e-12 4.771565e-12 9.9985798e-43 1.284892e-42 9.9985798e-43 9.7813833e-72)
(2.5533745e-12 2.5112579e-12 -5.2855289e-45 2.5112579e-12 2.9614494e-12 -1.2077149e-44 -5.2855289e-45 -1.2077149e-44 1.5348307e-75)
(2.0429116e-12 1.7270929e-12 9.9616945e-47 1.7270929e-12 1.749344e-12 -8.0865458e-48 9.9616945e-47 -8.0865458e-48 5.1014393e-76)
(1.7174423e-12 1.1719062e-12 5.3017797e-45 1.1719062e-12 9.5358624e-13 1.7905061e-45 5.3017797e-45 1.7905061e-45 4.3957927e-76)
(1.4489767e-12 7.3956871e-13 2.5899938e-45 7.3956871e-13 4.4902455e-13 3.1099527e-45 2.5899938e-45 3.1099527e-45 3.0584119e-76)
(1.2939778e-12 4.0821509e-13 -2.1768373e-44 4.0821509e-13 1.5283887e-13 -4.0541932e-45 -2.1768373e-44 -4.0541932e-45 2.4847845e-75)
(1.2190577e-12 1.3053422e-13 7.6095849e-45 1.3053422e-13 1.6476061e-14 7.326997e-46 7.6095849e-45 7.326997e-46 2.7286131e-76)
(1.519457e-12 -1.0254114e-13 -1.7395279e-43 -1.0254114e-13 1.1068366e-14 2.9338022e-44 -1.7395279e-43 2.9338022e-44 1.9838645e-72)
(1.6022248e-12 -3.1133869e-13 1.6742701e-42 -3.1133869e-13 1.0045803e-13 -5.5915693e-44 1.6742701e-42 -5.5915693e-44 4.2371212e-71)
(1.8108643e-12 -5.4431457e-13 4.3241381e-43 -5.4431457e-13 2.8489023e-13 -1.0440019e-43 4.3241381e-43 -1.0440019e-43 4.0763791e-72)
(2.1969763e-12 -8.4203931e-13 5.2548184e-43 -8.4203931e-13 5.7982856e-13 -1.4538568e-43 5.2548184e-43 -1.4538568e-43 2.988964e-72)
(2.7542628e-12 -1.2311115e-12 -9.2962452e-43 -1.2311115e-12 1.0203048e-12 3.4995596e-43 -9.2962452e-43 3.4995596e-43 5.4590313e-72)
(3.6607169e-12 -1.8345281e-12 1.5289792e-42 -1.8345281e-12 1.6745933e-12 -6.2986116e-43 1.5289792e-42 -6.2986116e-43 8.2343363e-72)
(4.9695942e-12 -2.7608562e-12 -1.7558383e-43 -2.7608562e-12 2.667815e-12 7.4905264e-45 -1.7558383e-43 7.4905264e-45 9.0205478e-72)
(6.7460854e-12 -4.1772383e-12 3.4238997e-42 -4.1772383e-12 4.2108216e-12 1.2448635e-41 3.4238997e-42 1.2448635e-41 4.5952625e-69)
(9.0421194e-12 -6.3313281e-12 1.0078388e-39 -6.3313281e-12 6.6368795e-12 7.9309739e-40 1.0078388e-39 7.9309739e-40 1.8748172e-65)
(1.1878646e-11 -9.4386831e-12 -1.0498006e-39 -9.4386831e-12 1.0440748e-11 -2.1849165e-38 -1.0498006e-39 -2.1849165e-38 3.7631307e-62)
(1.5109559e-11 -1.372847e-11 -2.450203e-36 -1.372847e-11 1.6317517e-11 -1.9061265e-36 -2.450203e-36 -1.9061265e-36 4.7427289e-59)
(1.8632596e-11 -1.9424814e-11 -8.4670217e-35 -1.9424814e-11 2.512092e-11 1.1942789e-34 -8.4670217e-35 1.1942789e-34 1.3906709e-55)
(2.1640905e-11 -2.6252331e-11 5.7737151e-33 -2.6252331e-11 3.793783e-11 4.7033195e-34 5.7737151e-33 4.7033195e-34 5.528095e-53)
(2.3615e-11 -3.375997e-11 4.5477162e-31 -3.375997e-11 5.5534144e-11 -6.4670967e-31 4.5477162e-31 -6.4670967e-31 2.8200014e-49)
(2.3852469e-11 -4.0826722e-11 -9.4496136e-31 -4.0826722e-11 7.864633e-11 -1.237251e-29 -9.4496136e-31 -1.237251e-29 6.6266629e-47)
(2.1883786e-11 -4.5759191e-11 -7.9983143e-28 -4.5759191e-11 1.0597166e-10 1.5704273e-27 -7.9983143e-28 1.5704273e-27 3.9045088e-43)
(1.6749429e-11 -4.5764101e-11 5.5614935e-27 -4.5764101e-11 1.3732537e-10 -9.6200916e-27 5.5614935e-27 -9.6200916e-27 6.6850417e-41)
(1.092896e-11 -4.0670159e-11 1.3450717e-24 -4.0670159e-11 1.6628433e-10 -3.9254359e-24 1.3450717e-24 -3.9254359e-24 2.3860255e-36)
(4.7671851e-12 -2.8854579e-11 -4.0044934e-28 -2.8854579e-11 1.9325762e-10 -1.3242392e-27 -4.0044934e-28 -1.3242392e-27 2.4657307e-41)
(1.0469101e-12 -1.3135911e-11 3.1749557e-29 -1.3135911e-11 2.0708681e-10 1.9322014e-28 3.1749557e-29 1.9322014e-28 4.2867569e-44)
(2.4265592e-13 6.7012367e-12 -3.0328195e-28 6.7012367e-12 2.083562e-10 -9.4513538e-27 -3.0328195e-28 -9.4513538e-27 3.2362365e-41)
(2.7352103e-12 2.3246872e-11 7.2087807e-25 2.3246872e-11 1.9906883e-10 6.5270329e-24 7.2087807e-25 6.5270329e-24 2.4597783e-36)
(7.7916251e-12 3.647174e-11 2.0660454e-25 3.647174e-11 1.7446813e-10 1.3634498e-24 2.0660454e-25 1.3634498e-24 1.2218265e-36)
(1.3090619e-11 4.333483e-11 -1.4588267e-25 4.333483e-11 1.474938e-10 -5.3739652e-25 -1.4588267e-25 -5.3739652e-25 5.5852986e-37)
(1.8153704e-11 4.5251349e-11 6.6575775e-26 4.5251349e-11 1.1677768e-10 1.4461824e-25 6.6575775e-26 1.4461824e-25 3.5446885e-39)
(2.0653906e-11 4.1996331e-11 2.6201665e-28 4.1996331e-11 8.906788e-11 2.8423342e-28 2.6201665e-28 2.8423342e-28 1.0440659e-43)
(2.1259221e-11 3.6170619e-11 6.4122707e-29 3.6170619e-11 6.47533e-11 1.1604375e-28 6.4122707e-29 1.1604375e-28 7.3493619e-46)
(2.0223343e-11 2.9390931e-11 5.6171182e-31 2.9390931e-11 4.5472355e-11 9.3635366e-31 5.6171182e-31 9.3635366e-31 9.4004447e-50)
(1.8178631e-11 2.2804333e-11 -4.7102579e-32 2.2804333e-11 3.0843474e-11 -6.4249495e-32 -4.7102579e-32 -6.4249495e-32 3.3439346e-52)
(1.5381959e-11 1.6897708e-11 -6.7628316e-34 1.6897708e-11 2.0353293e-11 -7.1810045e-34 -6.7628316e-34 -7.1810045e-34 6.7621629e-56)
(1.2626033e-11 1.2153476e-11 2.3071976e-35 1.2153476e-11 1.3068928e-11 2.3215303e-35 2.3071976e-35 2.3215303e-35 1.0552253e-58)
(1.0003945e-11 8.4726552e-12 3.6608655e-37 8.4726552e-12 8.1900376e-12 2.6143411e-37 3.6608655e-37 2.6143411e-37 3.1411882e-62)
(7.7467627e-12 5.758152e-12 -6.9756219e-39 5.758152e-12 5.0161507e-12 -5.2476594e-39 -6.9756219e-39 -5.2476594e-39 2.0486532e-65)
(5.9630563e-12 3.8569367e-12 -1.1549545e-40 3.8569367e-12 3.0011236e-12 -5.0947442e-41 -1.1549545e-40 -5.0947442e-41 8.8794834e-69)
(4.5673863e-12 2.533369e-12 6.7218198e-43 2.533369e-12 1.7472803e-12 4.1310946e-43 6.7218198e-43 4.1310946e-43 1.0688103e-71)
(3.5451434e-12 1.651505e-12 -3.2007328e-43 1.651505e-12 9.7799667e-13 -1.3690761e-43 -3.2007328e-43 -1.3690761e-43 6.5317352e-72)
(2.7996296e-12 1.0494537e-12 -3.5773857e-43 1.0494537e-12 5.1165648e-13 3.1693452e-45 -3.5773857e-43 3.1693452e-45 4.7909502e-72)
(2.3021789e-12 6.3816281e-13 -4.5577372e-43 6.3816281e-13 2.341736e-13 -3.2107073e-43 -4.5577372e-43 -3.2107073e-43 3.1801886e-72)
(2.0425461e-12 3.4642829e-13 2.3288729e-42 3.4642829e-13 7.8555555e-14 1.2757377e-43 2.3288729e-42 1.2757377e-43 2.4801491e-71)
(1.902803e-12 1.0987828e-13 -1.0035793e-42 1.0987828e-13 8.4498114e-15 -3.7975522e-44 -1.0035793e-42 -3.7975522e-44 3.8143932e-72)
(2.009271e-12 -8.1559427e-14 4.9987159e-41 -8.1559427e-14 7.4743996e-15 -3.9511504e-42 4.9987159e-41 -3.9511504e-42 2.201988e-68)
(2.1429282e-12 -2.4804801e-13 -1.7806625e-40 -2.4804801e-13 6.6308596e-14 -7.0487804e-42 -1.7806625e-40 -7.0487804e-42 4.4992042e-67)
(2.4373681e-12 -4.2659248e-13 -6.8303751e-41 -4.2659248e-13 1.8333339e-13 1.5354597e-41 -6.8303751e-41 1.5354597e-41 4.9320102e-68)
(3.0056896e-12 -6.5805009e-13 -7.1204604e-41 -6.5805009e-13 3.645279e-13 4.4595127e-42 -7.1204604e-41 4.4595127e-42 3.6273609e-68)
(3.9049474e-12 -9.8794005e-13 9.3905714e-41 -9.8794005e-13 6.2950202e-13 -2.0862119e-41 9.3905714e-41 -2.0862119e-41 5.2059371e-68)
(5.4297963e-12 -1.5550154e-12 -1.9982053e-40 -1.5550154e-12 1.0313354e-12 2.0500238e-41 -1.9982053e-40 2.0500238e-41 8.7165945e-68)
(7.6998926e-12 -2.5449147e-12 -1.9202785e-41 -2.5449147e-12 1.6835668e-12 -4.6387464e-42 -1.9202785e-41 -4.6387464e-42 3.7651568e-68)
(1.0893337e-11 -4.2118426e-12 -4.4864883e-40 -4.2118426e-12 2.8035318e-12 1.6347151e-40 -4.4864883e-40 1.6347151e-40 2.3064118e-67)
(1.5292793e-11 -6.979538e-12 2.1662344e-38 -6.979538e-12 4.7761874e-12 -1.7719762e-38 2.1662344e-38 -1.7719762e-38 3.9929306e-64)
(2.1010097e-11 -1.1351875e-11 1.4745925e-36 -1.1351875e-11 8.238077e-12 -1.1445254e-36 1.4745925e-36 -1.1445254e-36 5.9397679e-61)
(2.8051764e-11 -1.7880703e-11 -3.1003806e-35 -1.7880703e-11 1.4163749e-11 2.8726557e-35 -3.1003806e-35 2.8726557e-35 2.9247738e-58)
(3.576107e-11 -2.7035272e-11 -2.2291163e-33 -2.7035272e-11 2.3982652e-11 2.3025488e-33 -2.2291163e-33 2.3025488e-33 8.4040783e-55)
(4.3718388e-11 -3.9110418e-11 2.1331803e-32 -3.9110418e-11 3.9486255e-11 -2.3788621e-32 2.1331803e-32 -2.3788621e-32 8.1256744e-53)
(4.9289953e-11 -5.309004e-11 1.6867616e-30 -5.309004e-11 6.2815548e-11 -2.1829926e-30 1.6867616e-30 -2.1829926e-30 4.5175106e-49)
(5.1630565e-11 -6.7457563e-11 -3.0026209e-30 -6.7457563e-11 9.5180999e-11 2.6578573e-30 -3.0026209e-30 2.6578573e-30 5.5283469e-48)
(4.7818538e-11 -7.9242186e-11 -9.8190251e-30 -7.9242186e-11 1.3942836e-10 -3.294502e-29 -9.8190251e-30 -3.294502e-29 7.6057411e-44)
(3.937057e-11 -8.3522294e-11 2.719567e-27 -8.3522294e-11 1.86626e-10 -5.8796641e-27 2.719567e-27 -5.8796641e-27 7.4531734e-43)
(2.6236306e-11 -7.6590306e-11 1.1269194e-25 -7.6590306e-11 2.3539547e-10 -3.530437e-25 1.1269194e-25 -3.530437e-25 4.9795478e-39)
(1.1633586e-11 -5.5252964e-11 -5.910284e-26 -5.5252964e-11 2.7932978e-10 2.4913501e-25 -5.910284e-26 2.4913501e-25 5.6965865e-39)
(2.1299184e-12 -2.414186e-11 -6.3506574e-29 -2.414186e-11 3.0418851e-10 -9.1780275e-29 -6.3506574e-29 -9.1780275e-29 3.9652838e-43)
(6.4937443e-13 1.2691225e-11 6.5111603e-29 1.2691225e-11 3.0537854e-10 1.7005367e-27 6.5111603e-29 1.7005367e-27 5.3723873e-43)
(7.0819446e-12 4.4992527e-11 2.9530471e-26 4.4992527e-11 2.8669745e-10 1.8857386e-25 2.9530471e-26 1.8857386e-25 1.1241554e-38)
(1.9439832e-11 6.8844777e-11 -4.1239873e-26 6.8844777e-11 2.4574808e-10 -1.751982e-25 -4.1239873e-26 -1.751982e-25 4.0915979e-39)
(3.1612761e-11 7.8908144e-11 -1.6432827e-24 7.8908144e-11 1.9928161e-10 -3.7715693e-24 -1.6432827e-24 -3.7715693e-24 9.4266827e-37)
(4.0258972e-11 7.7768279e-11 -2.4330689e-24 7.7768279e-11 1.5278217e-10 -4.5424722e-24 -2.4330689e-24 -4.5424722e-24 1.5025677e-36)
(4.5189329e-11 6.8932532e-11 -3.1355245e-26 6.8932532e-11 1.0776456e-10 -5.2231796e-26 -3.1355245e-26 -5.2231796e-26 1.9941568e-40)
(4.4903018e-11 5.6568139e-11 8.4660417e-28 5.6568139e-11 7.349842e-11 9.4352566e-28 8.4660417e-28 9.4352566e-28 4.0613712e-43)
(4.1227156e-11 4.3529406e-11 3.1512772e-29 4.3529406e-11 4.7840755e-11 3.7774622e-29 3.1512772e-29 3.7774622e-29 3.4891614e-46)
(3.5288673e-11 3.1672308e-11 -3.1591807e-31 3.1672308e-11 2.9991395e-11 -2.6127615e-31 -3.1591807e-31 -2.6127615e-31 2.051359e-49)
(2.8856188e-11 2.2057096e-11 -9.4674321e-33 2.2057096e-11 1.8120846e-11 -9.3440232e-33 -9.4674321e-33 -9.3440232e-33 7.3175137e-53)
(2.2664354e-11 1.4764677e-11 -1.1221727e-34 1.4764677e-11 1.0611558e-11 -7.2627193e-35 -1.1221727e-34 -7.2627193e-35 5.8196413e-56)
(1.731365e-11 9.5499301e-12 -3.5285328e-39 9.5499301e-12 6.0351252e-12 9.8549123e-37 -3.5285328e-39 9.8549123e-37 2.6594938e-59)
(1.2845513e-11 5.9676796e-12 1.0430553e-37 5.9676796e-12 3.3537127e-12 4.5335886e-38 1.0430553e-37 4.5335886e-38 1.3174244e-62)
(9.3633769e-12 3.6244003e-12 8.0136996e-40 3.6244003e-12 1.8323394e-12 5.1655837e-41 8.0136996e-40 5.1655837e-41 4.0786335e-66)
(6.8762826e-12 2.1744591e-12 3.9143417e-41 2.1744591e-12 9.9004619e-13 3.0093209e-41 3.9143417e-41 3.0093209e-41 9.7558208e-68)
(5.0747045e-12 1.2892422e-12 7.4641461e-41 1.2892422e-12 5.2734656e-13 8.4605793e-42 7.4641461e-41 8.4605793e-42 8.7323654e-68)
(3.8136006e-12 7.5709152e-13 -1.3275049e-42 7.5709152e-13 2.7009173e-13 -8.404264e-42 -1.3275049e-42 -8.404264e-42 5.6521175e-68)
(3.058349e-12 4.3668707e-13 8.7647366e-41 4.3668707e-13 1.2377809e-13 3.6620824e-41 8.7647366e-41 3.6620824e-41 3.0403448e-68)
(2.5935272e-12 2.2625451e-13 -2.1269335e-40 2.2625451e-13 4.2148846e-14 9.271089e-42 -2.1269335e-40 9.271089e-42 2.4840856e-67)
(2.3578672e-12 7.0070286e-14 1.0109843e-40 7.0070286e-14 4.6130775e-15 -3.0818985e-43 1.0109843e-40 -3.0818985e-43 5.1694713e-68)
(2.4135445e-12 -7.5361309e-14 -9.3195101e-39 -7.5361309e-14 1.0623565e-14 4.94602e-40 -9.3195101e-39 4.94602e-40 2.8310924e-64)
(2.5536052e-12 -2.1705166e-13 1.4491395e-38 -2.1705166e-13 9.2804482e-14 2.9114081e-39 1.4491395e-38 2.9114081e-39 4.5197315e-63)
(2.9589837e-12 -3.4241868e-13 1.0288283e-38 -3.4241868e-13 2.5005095e-13 -2.2250553e-39 1.0288283e-38 -2.2250553e-39 5.5983202e-64)
(3.7584966e-12 -4.7006497e-13 8.2472298e-39 -4.7006497e-13 4.7681529e-13 1.0463417e-39 8.2472298e-39 1.0463417e-39 4.8186123e-64)
(5.1131817e-12 -6.5528099e-13 -9.4214351e-39 -6.5528099e-13 7.7255995e-13 1.7190442e-39 -9.4214351e-39 1.7190442e-39 5.0849924e-64)
(7.2980863e-12 -1.0069438e-12 2.000133e-38 -1.0069438e-12 1.1592669e-12 4.1052086e-39 2.000133e-38 4.1052086e-39 9.4248515e-64)
(1.0796066e-11 -1.765658e-12 2.7902841e-39 -1.765658e-12 1.7102131e-12 8.4304308e-40 2.7902841e-39 8.4304308e-40 2.9933005e-64)
(1.6106113e-11 -3.3354456e-12 3.7237481e-38 -3.3354456e-12 2.600834e-12 5.9171538e-39 3.7237481e-38 5.9171538e-39 1.2920777e-63)
(2.3706918e-11 -6.2721646e-12 -1.3162406e-36 -6.2721646e-12 4.1929637e-12 6.6613443e-37 -1.3162406e-36 6.6613443e-37 4.8753929e-61)
(3.4103478e-11 -1.146437e-11 -9.8687332e-35 -1.146437e-11 7.1618094e-12 5.6143317e-35 -9.8687332e-35 5.6143317e-35 1.4851584e-57)
(4.7439389e-11 -1.9984349e-11 2.1522437e-33 -1.9984349e-11 1.2722371e-11 -1.4386426e-33 2.1522437e-33 -1.4386426e-33 6.568658e-55)
(6.3582354e-11 -3.3063526e-11 1.8478815e-31 -3.3063526e-11 2.2712806e-11 -1.376458e-31 1.8478815e-31 -1.376458e-31 4.0599406e-51)
(8.0535509e-11 -5.2279006e-11 -1.6831438e-30 -5.2279006e-11 4.0799758e-11 1.4292997e-30 -1.6831438e-30 1.4292997e-30 3.2326106e-49)
(9.5478775e-11 -7.5778055e-11 -2.2015543e-28 -7.5778055e-11 6.8425663e-11 2.2163311e-28 -2.2015543e-28 2.2163311e-28 9.2888276e-45)
(1.0713397e-10 -1.0525733e-10 -2.9371058e-28 -1.0525733e-10 1.1369403e-10 2.6195282e-28 -2.9371058e-28 2.6195282e-28 3.4441556e-44)
(1.0524995e-10 -1.2985478e-10 -1.3286427e-25 -1.2985478e-10 1.7297991e-10 1.3097566e-25 -1.3286427e-25 1.3097566e-25 1.6691449e-39)
(7.6580682e-11 -1.3125975e-10 -2.001722e-26 -1.3125975e-10 2.3619337e-10 3.4496394e-26 -2.001722e-26 3.4496394e-26 1.9061857e-41)
(5.7368218e-11 -1.2825317e-10 -3.5274404e-26 -1.2825317e-10 3.009809e-10 7.7668383e-26 -3.5274404e-26 7.7668383e-26 1.8270708e-40)
(3.0796631e-11 -1.0362064e-10 3.445931e-26 -1.0362064e-10 3.699905e-10 -6.9541407e-26 3.445931e-26 -6.9541407e-26 1.1800823e-39)
(8.5540968e-12 -5.7527615e-11 2.0374535e-26 -5.7527615e-11 4.2395769e-10 -1.326517e-25 2.0374535e-26 -1.326517e-25 2.3004761e-40)
(4.8099184e-13 1.2208194e-12 2.6355657e-26 1.2208194e-12 4.1790337e-10 1.6628092e-24 2.6355657e-26 1.6628092e-24 5.5698522e-38)
(8.3446171e-12 5.7338996e-11 -6.8774957e-25 5.7338996e-11 3.9528948e-10 -4.0641485e-24 -6.8774957e-25 -4.0641485e-24 7.5756289e-36)
(2.8648596e-11 9.843361e-11 8.5647708e-27 9.843361e-11 3.3945553e-10 3.024149e-26 8.5647708e-27 3.024149e-26 2.5466225e-40)
(4.9096684e-11 1.1466007e-10 8.6273841e-26 1.1466007e-10 2.7013185e-10 1.8891252e-25 8.6273841e-26 1.8891252e-25 1.5200065e-38)
(9.0448581e-11 1.2856604e-10 -1.9088719e-25 1.2856604e-10 1.8817538e-10 -2.3045384e-25 -1.9088719e-25 -2.3045384e-25 4.2531603e-39)
(9.5407662e-11 1.0798975e-10 -1.4417739e-27 1.0798975e-10 1.2701886e-10 -1.5115682e-27 -1.4417739e-27 -1.5115682e-27 3.631614e-43)
(8.8249422e-11 8.1382574e-11 5.7811779e-28 8.1382574e-11 7.9128237e-11 4.1779279e-28 5.7811779e-28 4.1779279e-28 3.6613371e-44)
(7.6927302e-11 5.8760952e-11 2.8469005e-30 5.8760952e-11 4.8481111e-11 2.1418727e-30 2.8469005e-30 2.1418727e-30 1.6349325e-48)
(6.3280162e-11 3.9319776e-11 -1.6005897e-31 3.9319776e-11 2.7503788e-11 -1.0510212e-31 -1.6005897e-31 -1.0510212e-31 1.215412e-50)
(4.9402212e-11 2.5182714e-11 -7.6682265e-34 2.5182714e-11 1.5327562e-11 -7.0027621e-34 -7.6682265e-34 -7.0027621e-34 3.3224901e-54)
(3.717553e-11 1.5283833e-11 -6.0093904e-36 1.5283833e-11 8.2861376e-12 -7.0363491e-36 -6.0093904e-36 -7.0363491e-36 5.6204717e-57)
(2.6973099e-11 8.795224e-12 9.3805729e-38 8.795224e-12 4.4538786e-12 2.5723685e-37 9.3805729e-38 2.5723685e-37 2.6901013e-60)
(1.9257145e-11 4.8109333e-12 2.9746248e-38 4.8109333e-12 2.4385832e-12 -7.4646828e-39 2.9746248e-38 -7.4646828e-39 1.9143068e-63)
(1.3458588e-11 2.4943955e-12 2.3339763e-38 2.4943955e-12 1.4028624e-12 5.956093e-39 2.3339763e-38 5.956093e-39 4.8401893e-64)
(9.3527934e-12 1.2326576e-12 -5.4098472e-39 1.2326576e-12 8.5688555e-13 -5.5450789e-39 -5.4098472e-39 -5.5450789e-39 1.0828719e-63)
(6.5724132e-12 6.0269877e-13 -1.068856e-38 6.0269877e-13 5.3925563e-13 1.7761921e-39 -1.068856e-38 1.7761921e-39 1.228997e-63)
(4.7197708e-12 3.0226271e-13 4.5822717e-39 3.0226271e-13 3.2655809e-13 1.0224103e-39 4.5822717e-39 1.0224103e-39 6.6431427e-64)
(3.598334e-12 1.657999e-13 -1.5554695e-38 1.657999e-13 1.7149002e-13 -4.729206e-39 -1.5554695e-38 -4.729206e-39 3.322978e-64)
(2.96655e-12 8.4159397e-14 1.8316157e-38 8.4159397e-14 6.3996634e-14 -4.3442249e-39 1.8316157e-38 -4.3442249e-39 2.6855785e-63)
(2.6699304e-12 2.6975806e-14 -7.3014531e-39 2.6975806e-14 7.3350366e-15 5.8265463e-40 -7.3014531e-39 5.8265463e-40 6.046771e-64)
(2.8868204e-12 -1.0433121e-13 1.3956259e-36 -1.0433121e-13 2.9626708e-14 -5.5673704e-38 1.3956259e-36 -5.5673704e-38 4.004457e-60)
(3.0752757e-12 -2.8568851e-13 1.0256703e-37 -2.8568851e-13 2.6274326e-13 -7.3261487e-37 1.0256703e-37 -7.3261487e-37 4.614998e-59)
(3.5261924e-12 -3.6605284e-13 -1.422576e-36 -3.6605284e-13 7.1812225e-13 2.6280159e-37 -1.422576e-36 2.6280159e-37 6.3068986e-60)
(4.438931e-12 -2.934398e-13 -8.5769557e-37 -2.934398e-13 1.3815451e-12 -2.8541367e-37 -8.5769557e-37 -2.8541367e-37 7.1982452e-60)
(6.122231e-12 -5.620501e-14 8.7499167e-37 -5.620501e-14 2.2278089e-12 -2.2436928e-37 8.7499167e-37 -2.2436928e-37 6.0237972e-60)
(9.0754662e-12 2.8766434e-13 -1.3138556e-36 2.8766434e-13 3.2278498e-12 -1.1239594e-36 -1.3138556e-36 -1.1239594e-36 1.0819868e-59)
(1.4058461e-11 5.9726605e-13 -5.1636552e-37 5.9726605e-13 4.3590696e-12 -4.9557055e-37 -5.1636552e-37 -4.9557055e-37 2.855499e-60)
(2.1706615e-11 4.9965754e-13 -2.4972784e-36 4.9965754e-13 5.6339861e-12 -2.7825806e-36 -2.4972784e-36 -2.7825806e-36 1.2760954e-59)
(3.323458e-11 -6.5593974e-13 5.0597538e-36 -6.5593974e-13 7.1813902e-12 -5.7399619e-37 5.0597538e-36 -5.7399619e-37 5.2872652e-59)
(5.0296478e-11 -4.0466293e-12 -2.182116e-35 -4.0466293e-12 9.3523741e-12 3.463582e-36 -2.182116e-35 3.463582e-36 1.0860486e-58)
(7.3386522e-11 -1.1386929e-11 -2.1033886e-34 -1.1386929e-11 1.3081291e-11 1.3959325e-34 -2.1033886e-34 1.3959325e-34 6.7293968e-56)
(1.0404397e-10 -2.5609579e-11 3.3947341e-32 -2.5609579e-11 2.0190879e-11 -1.8118166e-32 3.3947341e-32 -1.8118166e-32 6.3681417e-53)
(1.3987924e-10 -4.8700976e-11 1.2256885e-31 -4.8700976e-11 3.4291258e-11 -2.2273859e-31 1.2256885e-31 -2.2273859e-31 1.228199e-50)
(1.4827655e-10 -8.4773427e-11 -2.7899746e-29 -8.4773427e-11 6.2049202e-11 2.2288177e-29 -2.7899746e-29 2.2288177e-29 4.3197441e-47)
(1.7547907e-10 -1.2279999e-10 2.8948678e-28 -1.2279999e-10 1.0342886e-10 -2.4313528e-28 2.8948678e-28 -2.4313528e-28 6.0636922e-44)
(1.8915428e-10 -1.6905659e-10 -4.5743942e-27 -1.6905659e-10 1.7233817e-10 -7.7945759e-27 -4.5743942e-27 -7.7945759e-27 1.8466214e-39)
(1.6940458e-10 -2.0280515e-10 -2.9091896e-24 -2.0280515e-10 2.68508e-10 2.5395205e-24 -2.9091896e-24 2.5395205e-24 2.1994661e-36)
(1.2641192e-10 -2.1896712e-10 -1.7785047e-24 -2.1896712e-10 4.0631017e-10 7.9134708e-24 -1.7785047e-24 7.9134708e-24 6.5771961e-36)
(6.8974611e-11 -1.8768656e-10 6.6732664e-24 -1.8768656e-10 5.4449989e-10 -2.6201652e-23 6.6732664e-24 -2.6201652e-23 1.1248585e-35)
(1.7133805e-11 -1.0008468e-10 -1.3078006e-24 -1.0008468e-10 6.4679512e-10 1.1447718e-23 -1.3078006e-24 1.1447718e-23 4.6601854e-36)
