0.99999999999999877875 2.7758222593589083199e-17 -9.113658854198463752e-17 2.2610702126217723548e-16
2.7758222593589083199e-17 1.0000000000000015543 2.5503646377433117652e-16 -6.0387766408423374875e-16
-9.113658854198463752e-17 2.5503646377433117652e-16 0.99999999999999855671 1.8615115377528889553e-15
2.2610702126217723548e-16 -6.0387766408423374875e-16 1.8615115377528889553e-15 1.0000000000000006661