/*--------------------------------*- C++ -*----------------------------------*\
| =========                 |                                                 |
| \\      /  F ield         | OpenFOAM: The Open Source CFD Toolbox           |
|  \\    /   O peration     | Version:  2212                                  |
|   \\  /    A nd           | Website:  www.openfoam.com                      |
|    \\/     M anipulation  |                                                 |
\*---------------------------------------------------------------------------*/
FoamFile
{
    version     2.0;
    format      ascii;
    arch        "LSB;label=32;scalar=64";
    class       volTensorField;
    location    "./../../../openfoam_data/0";
    object      a_fullStressFunction;
}
// * * * * * * * * * * * * * * * * * * * * * * * * * * * * * * * * * * * * * //

dimensions      [0 2 -3 0 0 0 0];

internalField   nonuniform List<tensor> 
11644
(
(4.3499097e-21 -2.6931507e-21 0 -2.6931507e-21 1.7246672e-21 0 0 0 0)
(3.5146806e-21 -3.5198903e-21 0 -3.5198903e-21 3.5288399e-21 0 0 0 0)
(2.8962347e-21 -6.1516058e-21 0 -6.1516058e-21 1.3102064e-20 0 0 0 0)
(2.7083232e-21 -9.9571565e-21 0 -9.9571565e-21 3.7615944e-20 0 0 0 0)
(2.8348688e-21 -1.563557e-20 0 -1.563557e-20 9.3824319e-20 0 0 0 0)
(3.5489031e-21 -2.5097142e-20 0 -2.5097142e-20 2.1128868e-19 0 0 0 0)
(4.7717683e-21 -4.005767e-20 0 -4.005767e-20 4.3963695e-19 0 0 0 0)
(6.2297273e-21 -6.1604635e-20 0 -6.1604635e-20 8.5517258e-19 0 0 0 0)
(8.0071817e-21 -9.2320677e-20 0 -9.2320677e-20 1.5692545e-18 0 0 0 0)
(1.0049131e-20 -1.3749422e-19 0 -1.3749422e-19 2.7174893e-18 0 0 0 0)
(1.1251537e-20 -1.9267524e-19 0 -1.9267524e-19 4.4294663e-18 0 0 0 0)
(1.1291121e-20 -2.4932182e-19 -1.1536846e-38 -2.4932182e-19 6.7915211e-18 -3.9653228e-37 -1.1536846e-38 -3.9653228e-37 2.227226e-54)
(1.1872366e-20 -3.0548467e-19 1.4781225e-36 -3.0548467e-19 9.7271788e-18 -4.2594629e-35 1.4781225e-36 -4.2594629e-35 3.6666116e-51)
(2.0013117e-20 -3.6108969e-19 4.6384689e-36 -3.6108969e-19 1.2885081e-17 -3.7714718e-32 4.6384689e-36 -3.7714718e-32 3.2160009e-45)
(5.1959695e-20 -4.353849e-19 -4.1437649e-33 -4.353849e-19 1.5630425e-17 4.5651945e-33 -4.1437649e-33 4.5651945e-33 2.0659629e-45)
(1.2922188e-19 -5.8387248e-19 6.8530631e-32 -5.8387248e-19 1.7210936e-17 -1.6094526e-30 6.8530631e-32 -1.6094526e-30 1.9478851e-43)
(2.3577368e-19 -8.538009e-19 9.8136087e-33 -8.538009e-19 1.7083841e-17 -1.872144e-32 9.8136087e-33 -1.872144e-32 2.6037489e-45)
(1.7000374e-19 -1.0935392e-18 -1.4660358e-33 -1.0935392e-18 1.5566944e-17 -4.9068203e-33 -1.4660358e-33 -4.9068203e-33 2.3872491e-45)
(4.9015994e-19 -4.1373858e-19 -1.145602e-33 -4.1373858e-19 1.2695025e-17 1.5130331e-32 -1.145602e-33 1.5130331e-32 2.3419421e-46)
(6.0711727e-19 -6.53111e-19 -7.169378e-32 -6.53111e-19 9.1011956e-18 4.1498963e-31 -7.169378e-32 4.1498963e-31 2.3692575e-44)
(7.4896899e-19 -4.6285201e-19 -2.2003942e-31 -4.6285201e-19 6.5287848e-18 5.7498246e-32 -2.2003942e-31 5.7498246e-32 7.651776e-44)
(6.5378805e-19 7.1313546e-19 1.6804502e-33 7.1313546e-19 4.9842496e-18 1.5977693e-32 1.6804502e-33 1.5977693e-32 4.152919e-46)
(6.3646465e-19 1.2435698e-18 -9.5005015e-33 1.2435698e-18 4.0627488e-18 -5.2365684e-33 -9.5005015e-33 -5.2365684e-33 2.5272274e-45)
(4.3882707e-19 6.8248951e-19 2.2891131e-32 6.8248951e-19 4.4156897e-18 6.108877e-32 2.2891131e-32 6.108877e-32 2.1142467e-44)
(1.6374989e-19 2.9863988e-19 -4.09608e-32 2.9863988e-19 5.090399e-18 -6.224944e-31 -4.09608e-32 -6.224944e-31 1.2301992e-43)
(4.463516e-20 1.0242635e-19 -4.7634883e-33 1.0242635e-19 5.2703248e-18 -6.8454778e-32 -4.7634883e-33 -6.8454778e-32 2.1298704e-44)
(8.4860764e-21 4.1148093e-20 -1.1155083e-34 4.1148093e-20 4.8062664e-18 -3.6585394e-32 -1.1155083e-34 -3.6585394e-32 3.8837969e-45)
(2.261081e-21 3.7320993e-20 -7.2375686e-37 3.7320993e-20 3.8893182e-18 -1.5649612e-35 -7.2375686e-37 -1.5649612e-35 5.1083123e-51)
(3.5849852e-21 4.8566083e-20 -3.1668361e-39 4.8566083e-20 2.8406348e-18 5.0876965e-37 -3.1668361e-39 5.0876965e-37 5.4227836e-54)
(5.2263017e-21 5.2399523e-20 0 5.2399523e-20 1.8969542e-18 0 0 0 0)
(5.4730502e-21 4.5314975e-20 0 4.5314975e-20 1.1709011e-18 0 0 0 0)
(5.0375612e-21 3.6308185e-20 0 3.6308185e-20 6.7184598e-19 0 0 0 0)
(3.9907079e-21 2.6821598e-20 0 2.6821598e-20 3.6025912e-19 0 0 0 0)
(2.762565e-21 1.7894169e-20 0 1.7894169e-20 1.7993696e-19 0 0 0 0)
(2.013329e-21 1.1228051e-20 0 1.1228051e-20 8.3709798e-20 0 0 0 0)
(1.501242e-21 6.7504874e-21 0 6.7504874e-21 3.5852461e-20 0 0 0 0)
(1.1295909e-21 3.8319227e-21 0 3.8319227e-21 1.375783e-20 0 0 0 0)
(9.9186685e-22 2.1149802e-21 0 2.1149802e-21 4.5446531e-21 0 0 0 0)
(1.1199869e-21 1.1399172e-21 0 1.1399172e-21 1.1634508e-21 0 0 0 0)
(1.3168958e-21 7.6895909e-22 0 7.6895909e-22 5.0953449e-22 0 0 0 0)
(2.871368e-20 -3.8880173e-20 0 -3.8880173e-20 5.8237817e-20 0 0 0 0)
(2.7827254e-20 -1.1228855e-20 0 -1.1228855e-20 5.0009917e-21 0 0 0 0)
(2.7011372e-20 -1.8560719e-20 0 -1.8560719e-20 1.4425927e-20 0 0 0 0)
(2.7157665e-20 -2.7098557e-20 0 -2.7098557e-20 3.1134785e-20 0 0 0 0)
(2.9217699e-20 -3.8848858e-20 0 -3.8848858e-20 6.0840237e-20 0 0 0 0)
(3.3286875e-20 -5.6559585e-20 0 -5.6559585e-20 1.1447542e-19 0 0 0 0)
(4.0263261e-20 -8.4354376e-20 0 -8.4354376e-20 2.1176251e-19 0 0 0 0)
(4.8896553e-20 -1.2390373e-19 0 -1.2390373e-19 3.8270557e-19 0 0 0 0)
(5.8781852e-20 -1.7753708e-19 0 -1.7753708e-19 6.6978099e-19 0 0 0 0)
(6.9703614e-20 -2.435085e-19 0 -2.435085e-19 1.1377182e-18 0 0 0 0)
(7.6040671e-20 -2.999871e-19 1.5658625e-38 -2.999871e-19 1.8520686e-18 -8.2752947e-38 1.5658625e-38 -8.2752947e-38 2.5264655e-56)
(7.9180696e-20 -3.0995027e-19 5.7260725e-37 -3.0995027e-19 2.8625017e-18 -1.8196688e-36 5.7260725e-37 -1.8196688e-36 5.754509e-53)
(9.5244245e-20 -2.256901e-19 -1.2537881e-35 -2.256901e-19 4.1507574e-18 6.7664046e-36 -1.2537881e-35 6.7664046e-36 3.15416e-50)
(1.5387174e-19 -1.4302787e-20 -1.8594108e-33 -1.4302787e-20 5.5926602e-18 5.4073953e-32 -1.8594108e-33 5.4073953e-32 6.8839784e-45)
(2.774877e-19 2.5224353e-19 -2.395777e-32 2.5224353e-19 6.9612401e-18 -4.8852069e-32 -2.395777e-32 -4.8852069e-32 2.2996162e-43)
(4.1929465e-19 4.2834506e-19 -1.4957265e-31 4.2834506e-19 8.1326637e-18 -2.4933246e-31 -1.4957265e-31 -2.4933246e-31 2.0633632e-43)
(4.6041825e-19 3.2683725e-19 8.4867273e-32 3.2683725e-19 9.0610647e-18 -5.7343268e-31 8.4867273e-32 -5.7343268e-31 3.0836004e-43)
(4.0336955e-19 -4.3370832e-20 7.1238619e-32 -4.3370832e-20 1.0323374e-17 -4.7750931e-31 7.1238619e-32 -4.7750931e-31 4.0337732e-44)
(3.7206956e-19 -8.338027e-19 -1.4173758e-32 -8.338027e-19 1.260558e-17 4.7067837e-32 -1.4173758e-32 4.7067837e-32 1.005061e-44)
(4.3650461e-19 -1.2728011e-18 -1.0784386e-32 -1.2728011e-18 1.8488537e-17 1.3616432e-31 -1.0784386e-32 1.3616432e-31 5.8867489e-45)
(3.6539845e-19 3.3540986e-19 -4.9741526e-30 3.3540986e-19 1.9466951e-17 -1.5058151e-29 -4.9741526e-30 -1.5058151e-29 7.8115685e-40)
(2.1953072e-19 8.6806381e-19 -3.2057542e-35 8.6806381e-19 1.469698e-17 -1.3825826e-31 -3.2057542e-35 -1.3825826e-31 5.5996915e-45)
(8.1167172e-19 6.7617127e-19 -3.4929989e-33 6.7617127e-19 1.1123672e-17 3.3057626e-32 -3.4929989e-33 3.3057626e-32 3.7326007e-45)
(1.1319278e-18 -1.3415426e-19 2.2587836e-31 -1.3415426e-19 8.8996527e-18 -4.3391819e-31 2.2587836e-31 -4.3391819e-31 5.6891721e-43)
(8.5988411e-19 -6.6387333e-19 1.9072021e-31 -6.6387333e-19 7.9153244e-18 -1.8332809e-31 1.9072021e-31 -1.8332809e-31 1.3888447e-43)
(4.1590364e-19 -5.4322613e-19 -1.0952663e-31 -5.4322613e-19 6.9393357e-18 3.5535886e-32 -1.0952663e-31 3.5535886e-32 5.32455e-43)
(1.4350419e-19 -1.7730205e-19 2.2818157e-33 -1.7730205e-19 5.6269065e-18 2.403841e-32 2.2818157e-33 2.403841e-32 4.0729373e-45)
(5.2127672e-20 1.2428472e-19 -6.4844786e-37 1.2428472e-19 4.1360527e-18 5.9703302e-35 -6.4844786e-37 5.9703302e-35 2.9680598e-50)
(4.0104009e-20 2.5049944e-19 -3.3620371e-37 2.5049944e-19 2.8114371e-18 -3.1541609e-36 -3.3620371e-37 -3.1541609e-36 5.499943e-53)
(4.2903364e-20 2.5059412e-19 -8.6978869e-39 2.5059412e-19 1.7937791e-18 -6.1206557e-38 -8.6978869e-39 -6.1206557e-38 9.7998352e-57)
(4.2525582e-20 2.0232266e-19 0 2.0232266e-19 1.0879828e-18 0 0 0 0)
(3.8537494e-20 1.4906444e-19 0 1.4906444e-19 6.3082424e-19 0 0 0 0)
(3.2376475e-20 1.0257779e-19 0 1.0257779e-19 3.52691e-19 0 0 0 0)
(2.5834667e-20 6.7395921e-20 0 6.7395921e-20 1.9186269e-19 0 0 0 0)
(2.0918994e-20 4.3676424e-20 0 4.3676424e-20 1.0086908e-19 0 0 0 0)
(1.704698e-20 2.8095507e-20 0 2.8095507e-20 5.1066095e-20 0 0 0 0)
(1.4429046e-20 1.8027811e-20 0 1.8027811e-20 2.4751197e-20 0 0 0 0)
(1.356649e-20 1.1578723e-20 0 1.1578723e-20 1.0760747e-20 0 0 0 0)
(1.3254002e-20 6.5841865e-21 0 6.5841865e-21 3.5068935e-21 0 0 0 0)
(1.3182435e-20 1.4117722e-20 0 1.4117722e-20 1.8504451e-20 0 0 0 0)
(8.4270732e-20 -1.7398051e-19 0 -1.7398051e-19 4.3160059e-19 0 0 0 0)
(8.919832e-20 -2.4625664e-20 0 -2.4625664e-20 8.3811859e-21 0 0 0 0)
(9.4865714e-20 -4.4159554e-20 0 -4.4159554e-20 2.5841748e-20 0 0 0 0)
(1.0437295e-19 -6.8672801e-20 0 -6.8672801e-20 5.7729536e-20 0 0 0 0)
(1.2117266e-19 -1.025475e-19 0 -1.025475e-19 1.1331263e-19 0 0 0 0)
(1.4315849e-19 -1.4936059e-19 0 -1.4936059e-19 2.0996173e-19 0 0 0 0)
(1.7313214e-19 -2.150823e-19 0 -2.150823e-19 3.7620489e-19 0 0 0 0)
(2.1278512e-19 -3.0638669e-19 0 -3.0638669e-19 6.5409111e-19 0 0 0 0)
(2.4971139e-19 -4.1548938e-19 0 -4.1548938e-19 1.1107869e-18 0 0 0 0)
(2.8195572e-19 -5.2639232e-19 0 -5.2639232e-19 1.8344973e-18 0 0 0 0)
(3.1429393e-19 -6.0975398e-19 0 -6.0975398e-19 2.9224888e-18 0 0 0 0)
(3.4694309e-19 -5.9048158e-19 1.2184953e-37 -5.9048158e-19 4.4626265e-18 -2.636902e-37 1.2184953e-37 -2.636902e-37 4.8155029e-55)
(4.2682521e-19 -4.242017e-19 -1.7838441e-36 -4.242017e-19 6.588334e-18 -2.5411086e-36 -1.7838441e-36 -2.5411086e-36 1.5375412e-52)
(5.7291937e-19 -9.7107323e-20 2.4021261e-34 -9.7107323e-20 9.2661596e-18 3.6400228e-34 2.4021261e-34 3.6400228e-34 1.1318853e-47)
(7.986632e-19 3.7690546e-19 6.4488708e-33 3.7690546e-19 1.2680801e-17 2.6098184e-32 6.4488708e-33 2.6098184e-32 3.0515214e-45)
(1.1325414e-18 7.6219017e-19 -3.386958e-31 7.6219017e-19 1.6956773e-17 -5.6202025e-31 -3.386958e-31 -5.6202025e-31 1.2257746e-42)
(1.475842e-18 1.0996241e-18 2.2540129e-31 1.0996241e-18 2.2874143e-17 9.2136132e-32 2.2540129e-31 9.2136132e-32 5.534749e-43)
(1.4809307e-18 1.2003453e-18 1.8508255e-31 1.2003453e-18 2.9187476e-17 8.256606e-31 1.8508255e-31 8.256606e-31 1.1729785e-42)
(1.0351584e-18 5.9692893e-19 -2.6265404e-31 5.9692893e-19 3.4176782e-17 -6.355986e-32 -2.6265404e-31 -6.355986e-32 5.8552217e-43)
(4.4213021e-19 5.9451609e-20 5.7007678e-32 5.9451609e-20 3.7806463e-17 -3.0871629e-31 5.7007678e-32 -3.0871629e-31 1.1210673e-43)
(5.1981248e-20 -4.6785342e-19 -4.6590865e-33 -4.6785342e-19 3.8455701e-17 3.5271786e-31 -4.6590865e-33 3.5271786e-31 1.5111818e-43)
(3.9619955e-19 1.5005401e-19 -4.1999793e-32 1.5005401e-19 3.5406299e-17 -1.2891113e-31 -4.1999793e-32 -1.2891113e-31 1.2430172e-43)
(1.4510893e-18 5.1452856e-19 2.1468669e-31 5.1452856e-19 2.9751896e-17 -2.2053559e-31 2.1468669e-31 -2.2053559e-31 1.2293777e-42)
(2.3835043e-18 6.190888e-19 1.3882888e-32 6.190888e-19 2.241029e-17 1.331044e-31 1.3882888e-32 1.331044e-31 2.2839649e-44)
(2.3083003e-18 1.1297816e-19 -1.2272697e-31 1.1297816e-19 1.6046725e-17 5.3309868e-31 -1.2272697e-31 5.3309868e-31 1.181108e-42)
(1.4909637e-18 -1.5375902e-19 -2.5443702e-33 -1.5375902e-19 1.2044785e-17 -1.7410009e-32 -2.5443702e-33 -1.7410009e-32 1.0011959e-45)
(7.9222586e-19 1.0476621e-19 -1.9431885e-34 1.0476621e-19 9.0118884e-18 1.330648e-33 -1.9431885e-34 1.330648e-33 4.6295926e-48)
(4.0940836e-19 4.1228564e-19 -2.9746764e-39 4.1228564e-19 6.5558804e-18 1.2787349e-35 -2.9746764e-39 1.2787349e-35 1.3816617e-52)
(2.5621407e-19 6.0315697e-19 -9.4322752e-38 6.0315697e-19 4.4767806e-18 -2.7633171e-37 -9.4322752e-38 -2.7633171e-37 3.9929468e-55)
(2.1710835e-19 6.2206875e-19 0 6.2206875e-19 2.9323598e-18 0 0 0 0)
(1.9942005e-19 5.2915068e-19 0 5.2915068e-19 1.8373944e-18 0 0 0 0)
(1.8166105e-19 4.1022695e-19 0 4.1022695e-19 1.1112824e-18 0 0 0 0)
(1.5848447e-19 3.0086217e-19 0 3.0086217e-19 6.508699e-19 0 0 0 0)
(1.3158246e-19 2.0975115e-19 0 2.0975115e-19 3.7265785e-19 0 0 0 0)
(1.0809661e-19 1.429969e-19 0 1.429969e-19 2.0828245e-19 0 0 0 0)
(9.0679538e-20 9.6427555e-20 0 9.6427555e-20 1.1165168e-19 0 0 0 0)
(7.8500799e-20 6.4270975e-20 0 6.4270975e-20 5.6604148e-20 0 0 0 0)
(7.0763636e-20 4.1074287e-20 0 4.1074287e-20 2.5383322e-20 0 0 0 0)
(6.583285e-20 2.2566792e-20 0 2.2566792e-20 8.1702566e-21 0 0 0 0)
(6.2524478e-20 1.0306215e-19 0 1.0306215e-19 1.9629857e-19 0 0 0 0)
(1.5894082e-19 -4.1801059e-19 0 -4.1801059e-19 1.5230225e-18 0 0 0 0)
(1.7614664e-19 -4.1038511e-20 0 -4.1038511e-20 1.1271155e-20 0 0 0 0)
(1.9732109e-19 -7.6138179e-20 0 -7.6138179e-20 3.5725089e-20 0 0 0 0)
(2.2867697e-19 -1.2190341e-19 0 -1.2190341e-19 8.1811841e-20 0 0 0 0)
(2.8198962e-19 -1.8806556e-19 0 -1.8806556e-19 1.6359736e-19 0 0 0 0)
(3.5357122e-19 -2.8129307e-19 0 -2.8129307e-19 3.070046e-19 0 0 0 0)
(4.4616145e-19 -4.072255e-19 0 -4.072255e-19 5.507596e-19 0 0 0 0)
(5.586152e-19 -5.706039e-19 0 -5.706039e-19 9.5673552e-19 0 0 0 0)
(6.824631e-19 -7.5862194e-19 0 -7.5862194e-19 1.6145167e-18 0 0 0 0)
(8.0680346e-19 -9.3310126e-19 0 -9.3310126e-19 2.6339722e-18 0 0 0 0)
(9.4360611e-19 -1.0440787e-18 0 -1.0440787e-18 4.1504101e-18 0 0 0 0)
(1.1175323e-18 -1.0003186e-18 -6.4261701e-38 -1.0003186e-18 6.3988934e-18 3.3356366e-37 -6.4261701e-38 3.3356366e-37 1.7240654e-55)
(1.3807022e-18 -7.7125931e-19 1.5096492e-36 -7.7125931e-19 9.4713301e-18 3.5372396e-36 1.5096492e-36 3.5372396e-36 1.7455025e-53)
(1.8403734e-18 -3.9486454e-19 1.306034e-34 -3.9486454e-19 1.4312334e-17 2.8154057e-34 1.306034e-34 2.8154057e-34 5.1476442e-49)
(2.8429453e-18 -5.5419643e-21 8.761259e-34 -5.5419643e-21 2.1772586e-17 2.6134651e-34 8.761259e-34 2.6134651e-34 2.9334633e-47)
(3.6896603e-18 6.8269425e-19 -7.0282882e-33 6.8269425e-19 3.1630844e-17 6.4954465e-32 -7.0282882e-33 6.4954465e-32 3.8746023e-45)
(4.142189e-18 4.59987e-19 -4.1117369e-31 4.59987e-19 4.1212719e-17 8.0017065e-31 -4.1117369e-31 8.0017065e-31 6.1197492e-44)
(4.6075458e-18 -3.7082859e-19 -2.7920774e-29 -3.7082859e-19 5.6290722e-17 2.0876994e-28 -2.7920774e-29 2.0876994e-28 9.5956372e-39)
(3.0907216e-18 -2.1061959e-18 4.1987365e-33 -2.1061959e-18 7.130206e-17 -1.0653645e-33 4.1987365e-33 -1.0653645e-33 1.0750828e-46)
(8.367032e-19 -9.9577104e-19 -1.7661754e-33 -9.9577104e-19 8.1517392e-17 1.2721856e-32 -1.7661754e-33 1.2721856e-32 2.0035696e-46)
(2.5835298e-19 1.4455018e-18 -2.6433773e-31 1.4455018e-18 8.1043722e-17 5.1227909e-29 -2.6433773e-31 5.1227909e-29 7.8672919e-40)
(2.4502732e-18 4.2500945e-18 3.3065121e-29 4.2500945e-18 6.9519328e-17 5.8109712e-29 3.3065121e-29 5.8109712e-29 4.2087176e-39)
(5.1604887e-18 3.9016192e-18 -1.3901906e-31 3.9016192e-18 5.248922e-17 1.6091491e-30 -1.3901906e-31 1.6091491e-30 6.7468645e-44)
(5.790308e-18 2.8807952e-18 5.9396789e-32 2.8807952e-18 3.6545326e-17 2.8594558e-30 5.9396789e-32 2.8594558e-30 2.4442082e-43)
(5.8820511e-18 2.0202079e-18 6.8454349e-32 2.0202079e-18 2.7026666e-17 1.1945173e-31 6.8454349e-32 1.1945173e-31 1.1060877e-44)
(5.0545233e-18 1.3313273e-18 2.1929237e-33 1.3313273e-18 1.7963993e-17 2.6266718e-34 2.1929237e-33 2.6266718e-34 2.2444386e-47)
(3.0546398e-18 7.6395407e-19 3.5383703e-35 7.6395407e-19 1.2252019e-17 -5.8839972e-34 3.5383703e-35 -5.8839972e-34 4.5630081e-49)
(1.702187e-18 9.1235597e-19 -6.1550152e-37 9.1235597e-19 8.5844025e-18 -6.9437368e-37 -6.1550152e-37 -6.9437368e-37 4.5275314e-54)
(1.0657582e-18 1.1273123e-18 1.4237914e-37 1.1273123e-18 6.0562169e-18 4.0571878e-38 1.4237914e-37 4.0571878e-38 2.79219e-55)
(7.9616207e-19 1.1744858e-18 0 1.1744858e-18 4.0267694e-18 0 0 0 0)
(6.6287292e-19 1.0420675e-18 0 1.0420675e-18 2.5791847e-18 0 0 0 0)
(5.7604128e-19 8.3312e-19 0 8.3312e-19 1.585244e-18 0 0 0 0)
(4.8647924e-19 6.1766588e-19 0 6.1766588e-19 9.378449e-19 0 0 0 0)
(3.9926842e-19 4.3519279e-19 0 4.3519279e-19 5.3699531e-19 0 0 0 0)
(3.22311e-19 2.9562055e-19 0 2.9562055e-19 2.9857475e-19 0 0 0 0)
(2.6186261e-19 1.9647827e-19 0 1.9647827e-19 1.5895762e-19 0 0 0 0)
(2.1963821e-19 1.27704e-19 0 1.27704e-19 7.8918447e-20 0 0 0 0)
(1.8923262e-19 7.8443295e-20 0 7.8443295e-20 3.4261628e-20 0 0 0 0)
(1.6897936e-19 4.1958409e-20 0 4.1958409e-20 1.0870579e-20 0 0 0 0)
(1.5447128e-19 3.7404899e-19 0 3.7404899e-19 1.0263107e-18 0 0 0 0)
(2.4180185e-19 -7.2575108e-19 0 -7.2575108e-19 3.5943784e-18 0 0 0 0)
(2.7128265e-19 -5.620617e-20 0 -5.620617e-20 1.2075478e-20 0 0 0 0)
(3.1390239e-19 -1.0591209e-19 0 -1.0591209e-19 3.7945472e-20 0 0 0 0)
(3.8050392e-19 -1.7605326e-19 0 -1.7605326e-19 8.9305079e-20 0 0 0 0)
(4.8561462e-19 -2.7935147e-19 0 -2.7935147e-19 1.8555896e-19 0 0 0 0)
(6.4900975e-19 -4.3257045e-19 0 -4.3257045e-19 3.5959373e-19 0 0 0 0)
(8.7711389e-19 -6.4674891e-19 0 -6.4674891e-19 6.6476342e-19 0 0 0 0)
(1.1721796e-18 -9.2370567e-19 0 -9.2370567e-19 1.1871805e-18 0 0 0 0)
(1.5471058e-18 -1.255806e-18 0 -1.255806e-18 2.0515249e-18 0 0 0 0)
(2.0087605e-18 -1.5725326e-18 0 -1.5725326e-18 3.4115514e-18 0 0 0 0)
(2.6061864e-18 -1.8161604e-18 -2.120072e-39 -1.8161604e-18 5.5223783e-18 -4.2494849e-39 -2.120072e-39 -4.2494849e-39 3.7328395e-59)
(3.5553876e-18 -1.8875877e-18 0 -1.8875877e-18 8.5299435e-18 0 0 0 0)
(5.4026385e-18 -1.9024514e-18 -4.2597693e-37 -1.9024514e-18 1.381997e-17 1.5439761e-36 -4.2597693e-37 1.5439761e-36 1.0880742e-54)
(7.5559388e-18 -1.6194504e-18 6.3552586e-35 -1.6194504e-18 2.074429e-17 1.3477628e-35 6.3552586e-35 1.3477628e-35 6.4042305e-51)
(9.3763735e-18 -1.5268033e-18 -6.4550444e-34 -1.5268033e-18 3.0393075e-17 -6.6093497e-34 -6.4550444e-34 -6.6093497e-34 1.3181023e-48)
(1.3225288e-17 -3.2898379e-18 -2.4520939e-31 -3.2898379e-18 4.5586065e-17 -2.1951002e-31 -2.4520939e-31 -2.1951002e-31 5.948984e-44)
(1.4818007e-17 -8.363334e-18 -2.1961234e-30 -8.363334e-18 6.7130871e-17 7.3126947e-30 -2.1961234e-30 7.3126947e-30 2.0554261e-41)
(1.158973e-17 -8.9756962e-18 1.0128909e-30 -8.9756962e-18 9.4115141e-17 4.9684862e-31 1.0128909e-30 4.9684862e-31 9.6648625e-43)
(5.1662488e-18 -9.4290931e-18 7.6510751e-31 -9.4290931e-18 1.2182579e-16 -9.5912973e-30 7.6510751e-31 -9.5912973e-30 1.9893392e-41)
(8.3880748e-19 -5.1035605e-18 -3.7840341e-32 -5.1035605e-18 1.4098827e-16 -9.1783653e-31 -3.7840341e-32 -9.1783653e-31 1.6425731e-43)
(1.6274138e-18 4.5908123e-18 -4.9037908e-31 4.5908123e-18 1.4007399e-16 -5.9944612e-30 -4.9037908e-31 -5.9944612e-30 1.7027519e-41)
(7.2715095e-18 1.070952e-17 -3.3738989e-31 1.070952e-17 1.1914989e-16 7.9822258e-30 -3.3738989e-31 7.9822258e-30 2.8921219e-41)
(1.3626369e-17 1.3045595e-17 3.1192475e-30 1.3045595e-17 8.9873284e-17 -1.9939847e-30 3.1192475e-30 -1.9939847e-30 6.0292716e-41)
(1.7491136e-17 1.3799088e-17 1.4247179e-30 1.3799088e-17 6.1601291e-17 -1.9727092e-30 1.4247179e-30 -1.9727092e-30 2.908196e-41)
(1.9155335e-17 6.5047951e-18 -1.0788267e-30 6.5047951e-18 3.7496593e-17 1.1213335e-30 -1.0788267e-30 1.1213335e-30 2.8279391e-41)
(1.3658076e-17 3.5762198e-18 -6.5088219e-33 3.5762198e-18 2.5063475e-17 3.3450878e-32 -6.5088219e-33 3.3450878e-32 1.196619e-44)
(1.0216554e-17 2.8638264e-18 -6.9866034e-33 2.8638264e-18 1.6757637e-17 -1.5112298e-34 -6.9866034e-33 -1.5112298e-34 5.3540076e-47)
(6.6993969e-18 2.1097646e-18 -2.5138915e-35 2.1097646e-18 1.1922178e-17 3.8169568e-35 -2.5138915e-35 3.8169568e-35 1.4461655e-51)
(3.7526408e-18 1.9422135e-18 -1.8254452e-36 1.9422135e-18 7.9639289e-18 -1.0367748e-36 -1.8254452e-36 -1.0367748e-36 6.212176e-54)
(2.4434195e-18 1.9574349e-18 -2.0403617e-38 1.9574349e-18 5.415318e-18 -2.0697318e-38 -2.0403617e-38 -2.0697318e-38 1.0303037e-57)
(1.8226595e-18 1.7409685e-18 0 1.7409685e-18 3.4193328e-18 0 0 0 0)
(1.4313588e-18 1.3920204e-18 0 1.3920204e-18 2.0700815e-18 0 0 0 0)
(1.1158526e-18 1.0123264e-18 0 1.0123264e-18 1.1987418e-18 0 0 0 0)
(8.5953906e-19 6.928402e-19 0 6.928402e-19 6.6696637e-19 0 0 0 0)
(6.4968939e-19 4.5265377e-19 0 4.5265377e-19 3.5746981e-19 0 0 0 0)
(4.9366326e-19 2.8825203e-19 0 2.8825203e-19 1.8390575e-19 0 0 0 0)
(3.8017794e-19 1.7709708e-19 0 1.7709708e-19 8.8184945e-20 0 0 0 0)
(3.0791609e-19 1.0415207e-19 0 1.0415207e-19 3.7213644e-20 0 0 0 0)
(2.6424382e-19 5.5003978e-20 0 5.5003978e-20 1.1942043e-20 0 0 0 0)
(2.3177548e-19 7.9530138e-19 0 7.9530138e-19 3.1925364e-18 0 0 0 0)
(3.0699484e-19 -1.0015801e-18 0 -1.0015801e-18 6.567667e-18 0 0 0 0)
(3.469098e-19 -5.5126009e-20 0 -5.5126009e-20 1.2506094e-20 0 0 0 0)
(4.0112942e-19 -1.0972628e-19 0 -1.0972628e-19 3.6647637e-20 0 0 0 0)
(4.9679637e-19 -1.9835833e-19 0 -1.9835833e-19 8.6891109e-20 0 0 0 0)
(6.6640526e-19 -3.4135817e-19 0 -3.4135817e-19 1.8360384e-19 0 0 0 0)
(9.5961077e-19 -5.6736594e-19 0 -5.6736594e-19 3.6307464e-19 0 0 0 0)
(1.4221888e-18 -9.0929244e-19 0 -9.0929244e-19 6.9582566e-19 0 0 0 0)
(2.1089146e-18 -1.3855855e-18 0 -1.3855855e-18 1.2926269e-18 0 0 0 0)
(3.1317861e-18 -2.0037038e-18 0 -2.0037038e-18 2.3350034e-18 0 0 0 0)
(4.6790389e-18 -2.7402843e-18 0 -2.7402843e-18 4.1257507e-18 0 0 0 0)
(7.1352989e-18 -3.4490694e-18 0 -3.4490694e-18 7.0016846e-18 0 0 0 0)
(1.1439602e-17 -4.2961649e-18 0 -4.2961649e-18 1.2543764e-17 0 0 0 0)
(1.6169873e-17 -4.819072e-18 0 -4.819072e-18 1.8835652e-17 0 0 0 0)
(2.5635563e-17 -8.3508426e-18 5.7804659e-36 -8.3508426e-18 2.8551811e-17 2.3168452e-35 5.7804659e-36 2.3168452e-35 2.233846e-51)
(4.7140946e-17 -1.557933e-17 -3.9000629e-34 -1.557933e-17 4.3617899e-17 -1.1939922e-34 -3.9000629e-34 -1.1939922e-34 6.9162957e-50)
(5.7116388e-17 -2.6831515e-17 -3.8098735e-31 -2.6831515e-17 8.2009594e-17 5.8133989e-31 -3.8098735e-31 5.8133989e-31 1.761314e-44)
(3.6953224e-17 -3.7143225e-17 6.1121386e-32 -3.7143225e-17 7.4268521e-17 1.7235542e-31 6.1121386e-32 1.7235542e-31 3.5808003e-44)
(2.4814543e-17 -2.2763725e-17 -1.6423275e-29 -2.2763725e-17 6.7414468e-17 2.1351073e-28 -1.6423275e-29 2.1351073e-28 9.5896827e-39)
(2.1644683e-17 -3.0742325e-17 2.5252298e-29 -3.0742325e-17 9.2155912e-17 -1.2079541e-28 2.5252298e-29 -1.2079541e-28 1.3713839e-39)
(4.2892876e-18 -1.0490496e-17 1.2748728e-31 -1.0490496e-17 1.372446e-16 -9.6498088e-32 1.2748728e-31 -9.6498088e-32 9.6316156e-44)
(1.5655642e-17 3.6286595e-17 -7.1245721e-33 3.6286595e-17 1.3064847e-16 -1.8072957e-31 -7.1245721e-33 -1.8072957e-31 8.1426531e-44)
(4.9889167e-17 4.2291108e-17 3.1229948e-29 4.2291108e-17 6.9250736e-17 9.0350446e-29 3.1229948e-29 9.0350446e-29 6.8862949e-39)
(4.8089458e-17 1.4867515e-17 2.5915351e-29 1.4867515e-17 4.6858498e-17 9.8106034e-30 2.5915351e-29 9.8106034e-30 1.6281379e-40)
(4.7677729e-17 1.9439566e-17 6.3041531e-30 1.9439566e-17 6.776881e-17 -2.1098341e-29 6.3041531e-30 -2.1098341e-29 1.3816451e-40)
(6.1393576e-17 2.9288477e-17 1.7895013e-29 2.9288477e-17 7.9276682e-17 -2.1826192e-29 1.7895013e-29 -2.1826192e-29 1.6586742e-40)
(5.4078584e-17 1.9908238e-17 2.6945539e-30 1.9908238e-17 3.8544738e-17 -5.1207586e-30 2.6945539e-30 -5.1207586e-30 1.401848e-40)
(3.0863442e-17 8.7723315e-18 3.957072e-31 8.7723315e-18 2.6314167e-17 1.1399266e-31 3.957072e-31 1.1399266e-31 4.625957e-44)
(1.7388402e-17 4.9179783e-18 3.3980605e-33 4.9179783e-18 1.7861954e-17 3.8658001e-33 3.3980605e-33 3.8658001e-33 5.0726328e-48)
(1.1590272e-17 4.1128724e-18 -8.0842645e-35 4.1128724e-18 1.2708069e-17 -2.729379e-35 -8.0842645e-35 -2.729379e-35 7.5855535e-51)
(6.9037032e-18 3.363565e-18 -2.4624247e-36 3.363565e-18 7.7861796e-18 -1.7217483e-36 -2.4624247e-36 -1.7217483e-36 5.2143439e-54)
(4.4560032e-18 2.8705089e-18 3.664334e-38 2.8705089e-18 4.8581937e-18 -9.4379452e-38 3.664334e-38 -9.4379452e-38 1.0538097e-55)
(3.0561107e-18 2.1804513e-18 -2.2104298e-39 2.1804513e-18 2.8414352e-18 -3.4571211e-39 -2.2104298e-39 -3.4571211e-39 5.0038431e-59)
(2.1177612e-18 1.5303792e-18 0 1.5303792e-18 1.6052439e-18 0 0 0 0)
(1.4529517e-18 1.0072417e-18 0 1.0072417e-18 8.7740637e-19 0 0 0 0)
(9.9407932e-19 6.3296386e-19 0 6.3296386e-19 4.6379621e-19 0 0 0 0)
(6.8252792e-19 3.8559927e-19 0 3.8559927e-19 2.3637752e-19 0 0 0 0)
(4.7810961e-19 2.267452e-19 0 2.267452e-19 1.1279111e-19 0 0 0 0)
(3.6055116e-19 1.290021e-19 0 1.290021e-19 4.7926975e-20 0 0 0 0)
(2.9028135e-19 6.6864418e-20 0 6.6864418e-20 1.6113459e-20 0 0 0 0)
(2.4432793e-19 1.0779848e-18 0 1.0779848e-18 6.6060254e-18 0 0 0 0)
(3.4525424e-19 -1.1102003e-18 0 -1.1102003e-18 9.9321051e-18 0 0 0 0)
(3.7396088e-19 -2.0864796e-20 0 -2.0864796e-20 2.1878073e-20 0 0 0 0)
(4.1126741e-19 -6.4666879e-20 0 -6.4666879e-20 5.6767953e-20 0 0 0 0)
(5.0716731e-19 -1.6518812e-19 0 -1.6518812e-19 1.2109563e-19 0 0 0 0)
(7.3590765e-19 -3.5617009e-19 0 -3.5617009e-19 2.3388174e-19 0 0 0 0)
(1.1823085e-18 -6.8419179e-19 0 -6.8419179e-19 4.3330527e-19 0 0 0 0)
(2.0084775e-18 -1.224557e-18 0 -1.224557e-18 8.0064991e-19 0 0 0 0)
(3.4560962e-18 -2.0660763e-18 0 -2.0660763e-18 1.486734e-18 0 0 0 0)
(5.8970111e-18 -3.3397998e-18 0 -3.3397998e-18 2.8164604e-18 0 0 0 0)
(1.0033511e-17 -5.1114653e-18 0 -5.1114653e-18 5.2957293e-18 0 0 0 0)
(1.7458092e-17 -8.4862182e-18 4.2669548e-37 -8.4862182e-18 1.0399435e-17 -1.1286167e-37 4.2669548e-37 -1.1286167e-37 5.7672246e-56)
(3.1611204e-17 -1.1600123e-17 2.6335593e-35 -1.1600123e-17 1.6455372e-17 -1.5616404e-35 2.6335593e-35 -1.5616404e-35 3.1363067e-52)
(6.3803262e-17 -1.269941e-17 3.9568162e-35 -1.269941e-17 2.9264405e-17 -6.0088909e-36 3.9568162e-35 -6.0088909e-36 1.5894289e-51)
(1.5457198e-16 -4.840212e-17 -1.6661636e-32 -4.840212e-17 5.0646566e-17 -1.393046e-32 -1.6661636e-32 -1.393046e-32 1.0402659e-46)
(1.6155069e-16 -6.7360837e-17 4.3287562e-32 -6.7360837e-17 1.0020886e-16 -9.9072053e-32 4.3287562e-32 -9.9072053e-32 9.6978025e-46)
(3.7636945e-16 3.1859083e-16 1.7235664e-30 3.1859083e-16 5.0625009e-16 4.4022503e-31 1.7235664e-30 4.4022503e-31 1.5674698e-43)
(9.9074496e-16 5.1449167e-16 -1.2317159e-30 5.1449167e-16 9.2344826e-16 1.4131386e-30 -1.2317159e-30 1.4131386e-30 2.435751e-43)
(1.249109e-17 4.52352e-18 1.3432994e-30 4.52352e-18 6.1174344e-17 1.6562634e-30 1.3432994e-30 1.6562634e-30 1.1505345e-42)
(1.1290828e-17 8.6142823e-18 -1.1441049e-29 8.6142823e-18 4.4053754e-17 -5.8915399e-30 -1.1441049e-29 -5.8915399e-30 1.8651057e-40)
(7.5226532e-18 9.6414769e-18 7.8810729e-30 9.6414769e-18 3.2432323e-17 7.2642167e-31 7.8810729e-30 7.2642167e-31 1.8271325e-40)
(1.4047919e-17 2.0083098e-17 -5.073764e-29 2.0083098e-17 3.8558951e-17 2.5991578e-29 -5.073764e-29 2.5991578e-29 4.200832e-38)
(1.5836881e-17 2.7676415e-18 5.8242648e-29 2.7676415e-18 1.5989075e-17 1.6110709e-29 5.8242648e-29 1.6110709e-29 6.6883559e-38)
(1.5073295e-17 -1.2755252e-18 -1.0989655e-31 -1.2755252e-18 2.9327986e-17 -9.9852995e-32 -1.0989655e-31 -9.9852995e-32 2.9622084e-42)
(3.4516035e-19 1.1417465e-18 -3.6815437e-29 1.1417465e-18 3.4522339e-17 -1.2770339e-28 -3.6815437e-29 -1.2770339e-28 3.4414765e-38)
(4.4142197e-16 -3.0663084e-16 -2.49567e-29 -3.0663084e-16 4.6519383e-16 -1.0695843e-28 -2.49567e-29 -1.0695843e-28 1.464543e-39)
(1.4675807e-16 7.2544399e-17 1.6228798e-32 7.2544399e-17 1.492135e-16 5.1889573e-32 1.6228798e-32 5.1889573e-32 1.5757146e-45)
(1.4687427e-16 6.2982286e-17 -1.0736923e-32 6.2982286e-17 7.6747494e-17 3.3887815e-32 -1.0736923e-32 3.3887815e-32 2.3421251e-46)
(6.036373e-17 1.4791823e-17 3.9231212e-34 1.4791823e-17 2.8445998e-17 1.0105514e-34 3.9231212e-34 1.0105514e-34 1.7372342e-50)
(3.0447001e-17 1.0782727e-17 -4.8978212e-35 1.0782727e-17 1.9979604e-17 2.4589461e-35 -4.8978212e-35 2.4589461e-35 1.1902442e-51)
(1.6565599e-17 8.0943443e-18 -1.7125677e-37 8.0943443e-18 1.3717347e-17 1.1146474e-37 -1.7125677e-37 1.1146474e-37 1.9047123e-55)
(9.6607678e-18 5.3142649e-18 0 5.3142649e-18 7.8984123e-18 0 0 0 0)
(5.8358424e-18 3.750334e-18 0 3.750334e-18 4.5350777e-18 0 0 0 0)
(3.5984094e-18 2.4890248e-18 0 2.4890248e-18 2.5259673e-18 0 0 0 0)
(2.2012103e-18 1.5781393e-18 0 1.5781393e-18 1.3848668e-18 0 0 0 0)
(1.3404792e-18 9.59738e-19 0 9.59738e-19 7.4548809e-19 0 0 0 0)
(8.2705192e-19 5.6150954e-19 0 5.6150954e-19 3.9168624e-19 0 0 0 0)
(5.4193238e-19 3.1569883e-19 0 3.1569883e-19 1.943145e-19 0 0 0 0)
(3.9834127e-19 1.6958807e-19 0 1.6958807e-19 8.6356288e-20 0 0 0 0)
(3.2246092e-19 8.153754e-20 0 8.153754e-20 3.0712319e-20 0 0 0 0)
(2.8238487e-19 1.0826574e-18 0 1.0826574e-18 1.0065107e-17 0 0 0 0)
(4.1920616e-19 -1.032949e-18 0 -1.032949e-18 1.2936046e-17 0 0 0 0)
(4.1092346e-19 6.0232486e-20 0 6.0232486e-20 5.3501206e-20 0 0 0 0)
(3.6933803e-19 3.6235263e-20 0 3.6235263e-20 1.3168995e-19 0 0 0 0)
(3.9202207e-19 -8.8504459e-20 0 -8.8504459e-20 2.5489993e-19 0 0 0 0)
(6.2397361e-19 -3.6532023e-19 0 -3.6532023e-19 4.390031e-19 0 0 0 0)
(1.2802364e-18 -8.8137075e-19 0 -8.8137075e-19 7.2690795e-19 0 0 0 0)
(2.7296034e-18 -1.78897e-18 0 -1.78897e-18 1.2309242e-18 0 0 0 0)
(5.5710149e-18 -3.3279367e-18 0 -3.3279367e-18 2.1989268e-18 0 0 0 0)
(1.0930086e-17 -5.896495e-18 0 -5.896495e-18 4.1374762e-18 0 0 0 0)
(2.0898005e-17 -1.0814375e-17 0 -1.0814375e-17 8.5890046e-18 0 0 0 0)
(3.9420937e-17 -1.6505646e-17 0 -1.6505646e-17 1.5737097e-17 0 0 0 0)
(6.8584554e-17 -3.3698121e-17 -1.1920481e-35 -3.3698121e-17 3.4886075e-17 1.0820069e-35 -1.1920481e-35 1.0820069e-35 2.6629334e-53)
(7.0388643e-16 4.2892375e-16 -4.2146521e-34 4.2892375e-16 6.6194304e-16 -8.5641772e-34 -4.2146521e-34 -8.5641772e-34 1.2669542e-50)
(3.2240117e-16 1.7547185e-17 -9.4478706e-34 1.7547185e-17 1.413023e-15 -1.8644197e-33 -9.4478706e-34 -1.8644197e-33 3.1192996e-50)
(5.8616386e-17 -4.6345118e-17 -1.0158343e-32 -4.6345118e-17 1.0832188e-16 -1.5358852e-33 -1.0158343e-32 -1.5358852e-33 5.1691988e-46)
(6.1356209e-17 -2.4265075e-17 1.6086095e-29 -2.4265075e-17 1.7591766e-16 -1.154569e-28 1.6086095e-29 -1.154569e-28 1.3054675e-39)
(1.2747801e-16 -1.8508739e-16 -5.6227686e-30 -1.8508739e-16 3.0554279e-16 -5.2809203e-29 -5.6227686e-30 -5.2809203e-29 1.3311662e-39)
(1.04758e-16 -1.7237911e-16 -8.6196419e-30 -1.7237911e-16 2.9342662e-16 2.7166709e-29 -8.6196419e-30 2.7166709e-29 9.2134951e-41)
(4.1780436e-17 -1.3754331e-16 4.5802216e-29 -1.3754331e-16 4.6922668e-16 -1.7770198e-28 4.5802216e-29 -1.7770198e-28 8.4941629e-40)
(6.2461321e-18 -4.6877206e-17 1.1695665e-28 -4.6877206e-17 6.1260993e-16 -6.8518313e-28 1.1695665e-28 -6.8518313e-28 1.9325488e-37)
(1.4604484e-17 5.482362e-17 4.7404337e-29 5.482362e-17 6.8139467e-16 4.3344186e-30 4.7404337e-29 4.3344186e-30 4.2781479e-38)
(3.9736573e-17 1.4188287e-16 5.3116566e-29 1.4188287e-16 5.5761337e-16 -1.1797391e-27 5.3116566e-29 -1.1797391e-27 1.9522537e-37)
(7.326461e-17 1.5380058e-16 -7.4120843e-28 1.5380058e-16 3.3213509e-16 -1.521998e-27 -7.4120843e-28 -1.521998e-27 1.0178507e-37)
(1.500709e-16 1.7192895e-16 -7.1697695e-28 1.7192895e-16 3.1464024e-16 -9.1908571e-28 -7.1697695e-28 -9.1908571e-28 4.083161e-38)
(5.7363286e-17 -9.8133036e-18 6.8470912e-29 -9.8133036e-18 1.863884e-16 -6.2612404e-29 6.8470912e-29 -6.2612404e-29 2.9188141e-39)
(3.755829e-17 2.8466485e-17 -1.269517e-31 2.8466485e-17 7.7674467e-17 -1.5432039e-30 -1.269517e-31 -1.5432039e-30 3.8595922e-43)
(1.6538837e-17 2.0086049e-17 1.2685103e-33 2.0086049e-17 2.8316126e-17 2.2129417e-33 1.2685103e-33 2.2129417e-33 9.1735552e-49)
(7.4592339e-16 -4.0624817e-16 -4.3242958e-34 -4.0624817e-16 5.4389564e-16 5.3249042e-34 -4.3242958e-34 5.3249042e-34 2.7662089e-50)
(6.2092043e-17 3.0810739e-17 -5.9546918e-36 3.0810739e-17 4.3162332e-17 -7.0669207e-36 -5.9546918e-36 -7.0669207e-36 2.24757e-53)
(3.6910297e-17 1.6687799e-17 0 1.6687799e-17 2.3356168e-17 0 0 0 0)
(2.0037884e-17 1.1794872e-17 0 1.1794872e-17 1.4317594e-17 0 0 0 0)
(1.1150926e-17 7.2057713e-18 0 7.2057713e-18 7.8863816e-18 0 0 0 0)
(6.1509221e-18 4.5053407e-18 0 4.5053407e-18 4.4082191e-18 0 0 0 0)
(3.3609863e-18 2.7164415e-18 0 2.7164415e-18 2.4534323e-18 0 0 0 0)
(1.8477102e-18 1.5731829e-18 0 1.5731829e-18 1.3623406e-18 0 0 0 0)
(1.0661754e-18 8.6229858e-19 0 8.6229858e-19 7.493602e-19 0 0 0 0)
(7.1596007e-19 4.3899007e-19 0 4.3899007e-19 3.9397966e-19 0 0 0 0)
(5.9404669e-19 1.9878541e-19 0 1.9878541e-19 1.8551788e-19 0 0 0 0)
(5.6358395e-19 7.2149115e-20 0 7.2149115e-20 6.9698517e-20 0 0 0 0)
(5.3814519e-19 1.3239504e-18 0 1.3239504e-18 1.3324312e-17 0 0 0 0)
(6.9630596e-19 -1.2891689e-18 1.6988475e-38 -1.2891689e-18 1.6047974e-17 -1.1806389e-37 1.6988475e-38 -1.1806389e-37 1.5291203e-56)
(5.8985081e-19 2.1437669e-19 5.5405194e-40 2.1437669e-19 1.2853934e-19 -6.8163238e-39 5.5405194e-40 -6.8163238e-39 7.9032603e-57)
(3.6944516e-19 2.0502658e-19 2.6245334e-38 2.0502658e-19 3.076312e-19 2.3079675e-38 2.6245334e-38 2.3079675e-38 2.4840022e-56)
(2.295835e-19 -1.6128369e-21 6.2779234e-39 -1.6128369e-21 5.5741419e-19 1.9542488e-38 6.2779234e-39 1.9542488e-38 4.5751127e-56)
(4.5476969e-19 -4.8094518e-19 8.2169027e-39 -4.8094518e-19 8.8795458e-19 -1.1622742e-38 8.2169027e-39 -1.1622742e-38 8.1916913e-56)
(1.4744734e-18 -1.3737812e-18 1.2690799e-38 -1.3737812e-18 1.3745003e-18 -1.9622157e-38 1.2690799e-38 -1.9622157e-38 9.6015141e-56)
(4.1208721e-18 -2.970166e-18 3.8700323e-38 -2.970166e-18 2.2111723e-18 -1.9782063e-38 3.8700323e-38 -1.9782063e-38 2.1290671e-55)
(1.0041256e-17 -5.9206962e-18 -5.0672036e-37 -5.9206962e-18 3.9251433e-18 2.6034999e-37 -5.0672036e-37 2.6034999e-37 1.9550082e-55)
(2.2199741e-17 -1.1251562e-17 1.1223968e-37 -1.1251562e-17 7.4847e-18 -5.1636496e-37 1.1223968e-37 -5.1636496e-37 7.7042763e-55)
(4.7250695e-17 -2.2457507e-17 7.1354666e-37 -2.2457507e-17 1.6226789e-17 -3.803449e-37 7.1354666e-37 -3.803449e-37 6.0537227e-55)
(9.0587794e-17 -4.0050935e-17 -4.1204345e-36 -4.0050935e-17 3.2176747e-17 -1.1171677e-35 -4.1204345e-36 -1.1171677e-35 1.2924912e-52)
(1.7591749e-16 -7.0703838e-17 3.1530337e-34 -7.0703838e-17 6.3038692e-17 -2.8186329e-35 3.1530337e-34 -2.8186329e-35 1.2092859e-50)
(1.1324214e-15 8.2657615e-16 -1.2126543e-31 8.2657615e-16 1.6671102e-15 -2.1042051e-31 -1.2126543e-31 -2.1042051e-31 5.6489608e-46)
(4.8287e-16 3.4741268e-16 1.0553032e-33 3.4741268e-16 1.7047356e-15 1.5807068e-32 1.0553032e-33 1.5807068e-32 1.1723784e-48)
(2.1225195e-16 -1.4083507e-16 -2.4706102e-34 -1.4083507e-16 1.1850982e-16 1.5413751e-31 -2.4706102e-34 1.5413751e-31 1.4220612e-44)
(8.6981833e-16 9.7210207e-18 3.7115986e-31 9.7210207e-18 3.1624272e-15 1.2985295e-30 3.7115986e-31 1.2985295e-30 5.8691803e-45)
(9.5846388e-16 -2.2995847e-17 1.2233528e-28 -2.2995847e-17 5.5497212e-16 -6.4865776e-28 1.2233528e-28 -6.4865776e-28 3.5961761e-39)
(6.6585605e-16 -1.8774815e-16 -4.4479584e-28 -1.8774815e-16 5.8763618e-16 6.1220851e-28 -4.4479584e-28 6.1220851e-28 2.4097775e-38)
(5.308374e-16 -2.2819767e-16 1.3265428e-27 -2.2819767e-16 7.2533311e-16 -1.7762204e-28 1.3265428e-27 -1.7762204e-28 3.0357136e-38)
(1.4366098e-16 -1.0058686e-16 1.7220225e-30 -1.0058686e-16 8.6104876e-16 -1.6397264e-27 1.7220225e-30 -1.6397264e-27 3.75784e-37)
(1.0009268e-16 2.6250778e-16 3.2515522e-29 2.6250778e-16 7.4756032e-16 1.3809331e-28 3.2515522e-29 1.3809331e-28 1.0871845e-39)
(3.5677667e-16 1.2878786e-16 5.3169759e-27 1.2878786e-16 3.4547652e-16 -2.7656792e-27 5.3169759e-27 -2.7656792e-27 1.1956422e-36)
(6.2374118e-16 -3.0335041e-17 -1.4895585e-27 -3.0335041e-17 4.9960315e-16 -3.9121472e-27 -1.4895585e-27 -3.9121472e-27 2.31683e-37)
(4.3981413e-16 -3.121891e-17 -9.209741e-29 -3.121891e-17 6.5455657e-16 -3.0817687e-28 -9.209741e-29 -3.0817687e-28 7.8097174e-39)
(2.1002551e-16 8.5356544e-17 5.3955673e-31 8.5356544e-17 4.232414e-16 -3.8115013e-29 5.3955673e-31 -3.8115013e-29 1.4197306e-41)
(2.6358925e-16 1.9461037e-16 -2.8298293e-30 1.9461037e-16 1.7489544e-16 -5.5335103e-30 -2.8298293e-30 -5.5335103e-30 5.7892089e-43)
(2.9958896e-16 1.0761328e-16 -2.0480106e-31 1.0761328e-16 9.0977881e-17 7.9956914e-32 -2.0480106e-31 7.9956914e-32 6.8492768e-45)
(1.2435858e-15 -9.0100578e-16 1.0744435e-31 -9.0100578e-16 1.3768097e-15 -3.2995772e-31 1.0744435e-31 -3.2995772e-31 1.1047612e-45)
(1.5676278e-16 7.2881146e-17 3.208015e-34 7.2881146e-17 7.1388397e-17 4.797811e-35 3.208015e-34 4.797811e-35 2.9692103e-50)
(8.2311467e-17 4.2913997e-17 -1.4336198e-35 4.2913997e-17 4.4232802e-17 4.1820118e-36 -1.4336198e-35 4.1820118e-36 3.241147e-52)
(4.4952844e-17 2.6001827e-17 -2.2701426e-36 2.6001827e-17 2.576572e-17 -1.2820158e-37 -2.2701426e-36 -1.2820158e-37 7.1414025e-55)
(2.2932693e-17 1.4650029e-17 -1.8955149e-37 1.4650029e-17 1.3905623e-17 2.1629674e-37 -1.8955149e-37 2.1629674e-37 6.6949347e-55)
(1.1579047e-17 8.5158355e-18 -1.40295e-37 8.5158355e-18 7.7361873e-18 -1.8826583e-37 -1.40295e-37 -1.8826583e-37 2.5699271e-55)
(5.7382847e-18 4.8292381e-18 -4.8202678e-38 4.8292381e-18 4.3116837e-18 -5.5292529e-38 -4.8202678e-38 -5.5292529e-38 1.6247558e-55)
(2.8462533e-18 2.6238667e-18 -1.0567561e-39 2.6238667e-18 2.4527072e-18 -1.2014652e-38 -1.0567561e-39 -1.2014652e-38 8.1564558e-56)
(1.539329e-18 1.3075068e-18 -1.6462345e-38 1.3075068e-18 1.409378e-18 4.6373895e-39 -1.6462345e-38 4.6373895e-39 8.502598e-56)
(1.065484e-18 5.4231027e-19 -2.6361444e-39 5.4231027e-19 7.8944248e-19 -1.3789525e-38 -2.6361444e-39 -1.3789525e-38 7.3386952e-56)
(1.0239337e-18 1.3790538e-19 -3.2485212e-39 1.3790538e-19 3.9829556e-19 -2.3958221e-38 -3.2485212e-39 -2.3958221e-38 1.8900717e-56)
(1.1138514e-18 -2.530501e-20 1.598958e-38 -2.530501e-20 1.5715399e-19 9.9922937e-39 1.598958e-38 9.9922937e-39 1.3690193e-56)
(1.1288795e-18 2.9486263e-18 2.0905388e-38 2.9486263e-18 2.0471775e-17 1.5083617e-38 2.0905388e-38 1.5083617e-38 1.9064754e-56)
(1.2358098e-18 -2.8689881e-18 -3.1176011e-36 -2.8689881e-18 2.3472644e-17 2.289182e-35 -3.1176011e-36 2.289182e-35 1.5164362e-52)
(9.6502411e-19 4.6915298e-19 9.0072275e-37 4.6915298e-19 2.8551177e-19 1.5044296e-36 9.0072275e-37 1.5044296e-36 1.9859231e-52)
(4.5541105e-19 4.328278e-19 -3.1102127e-36 4.328278e-19 6.6037906e-19 -2.7819475e-36 -3.1102127e-36 -2.7819475e-36 6.7363143e-52)
(1.3469587e-19 -1.8953165e-21 -3.4422218e-37 -1.8953165e-21 1.1183732e-18 -2.6540283e-36 -3.4422218e-37 -2.6540283e-36 6.2408093e-52)
(5.8457816e-19 -8.9909362e-19 -1.1149488e-36 -8.9909362e-19 1.660487e-18 3.0829027e-36 -1.1149488e-36 3.0829027e-36 9.7091857e-52)
(2.7102252e-18 -2.4945687e-18 1.442495e-36 -2.4945687e-18 2.4636196e-18 -1.1729136e-37 1.442495e-36 -1.1729136e-37 1.7173345e-51)
(8.4020132e-18 -5.3409222e-18 3.013145e-35 -5.3409222e-18 3.9592562e-18 -7.2750723e-36 3.013145e-35 -7.2750723e-36 1.7148999e-51)
(2.1841613e-17 -1.0951881e-17 4.2427687e-35 -1.0951881e-17 7.3875467e-18 -2.902956e-35 4.2427687e-35 -2.902956e-35 3.1960276e-51)
(5.1369728e-17 -2.2524501e-17 -3.7225044e-35 -2.2524501e-17 1.5533728e-17 1.7638954e-35 -3.7225044e-35 1.7638954e-35 1.9960723e-51)
(1.1494246e-16 -4.7919934e-17 -2.2380014e-34 -4.7919934e-17 3.5281514e-17 7.5768607e-35 -2.2380014e-34 7.5768607e-35 5.6422275e-51)
(2.2959789e-16 -9.5866761e-17 -7.2880977e-34 -9.5866761e-17 7.7296005e-17 2.5736006e-34 -7.2880977e-34 2.5736006e-34 7.0056178e-50)
(4.7285041e-16 -2.148791e-16 -1.1683212e-32 -2.148791e-16 1.6893835e-16 9.8560501e-33 -1.1683212e-32 9.8560501e-33 1.4952956e-47)
(1.9416302e-15 1.5622429e-15 -8.7857316e-31 1.5622429e-15 4.2674208e-15 -1.7434655e-30 -8.7857316e-31 -1.7434655e-30 3.4891146e-44)
(9.1288508e-16 1.9770297e-16 -1.2808544e-30 1.9770297e-16 4.1098645e-15 -2.2124453e-30 -1.2808544e-30 -2.2124453e-30 4.3502197e-44)
(8.3484669e-16 -5.8537557e-16 1.4206216e-27 -5.8537557e-16 4.5142503e-16 -1.4496058e-27 1.4206216e-27 -1.4496058e-27 5.3107345e-38)
(2.310368e-15 1.8387073e-15 -1.0368721e-29 1.8387073e-15 9.2686572e-15 -3.3794361e-30 -1.0368721e-29 -3.3794361e-30 6.4947342e-43)
(2.7729985e-15 3.6346576e-15 1.0928888e-27 3.6346576e-15 1.2197954e-14 2.9879425e-27 1.0928888e-27 2.9879425e-27 5.225939e-38)
(2.2039039e-16 -4.1302884e-16 -1.9835287e-27 -4.1302884e-16 7.9367699e-16 4.2458717e-27 -1.9835287e-27 4.2458717e-27 2.5688806e-37)
(2.4905749e-16 -8.2271276e-16 5.9092097e-30 -8.2271276e-16 3.0658276e-15 -2.5102612e-28 5.9092097e-30 -2.5102612e-28 2.7548544e-38)
(1.546e-16 -9.2776202e-16 1.7385183e-29 -9.2776202e-16 6.7883297e-15 9.8520208e-28 1.7385183e-29 9.8520208e-28 6.6146597e-39)
